3 0.514131082298373 0.201934455998299 0.2777783593866782 0.27021332939624554
4 0.7878426798982269 0.500689381411377 0.2939127816364193 0.28169646641955415
4 0.678426984489122 0.4364309631698752 0.29391278163641915 0.281696466419554
4 0.6551927299410082 0.20639872278852195 0.30357888006484257 0.2882738486335392
4 0.4344693151348652 0.3228769277753306 0.16374578453190333 0.16639387023308566
4 0.6332149143918582 0.0326115702409348 0.16955482878371625 0.0652231404818696
0 0.2508778349844601 0.6485565179713493 0.15208053846084474 0.15038692431676956
0 0.491406481593638 0.5540797985565704 0.08496150496239867 0.08252481252120454
0 0.30028498366055256 0.75168895245492 0.08183650496239867 0.08241568511654282
0 0.24256452894582284 0.7724850912923269 0.09164815260503385 0.09211806733052796
0 0.2749832307650684 0.8636904446503717 0.09811647642635143 0.09702382213985103
0 0.1357152154635875 0.7801289549019905 0.05240156203449331 0.05330853847458741
0 0.3912524319651415 0.7054736621662341 0.11610449710451584 0.11481152286549072
0 0.2162587783266503 0.5269096964644702 0.09328342721213971 0.09373513103285873
0 0.24977329156121666 0.4232291357573642 0.07685790653397531 0.07600199400955017
0 0.06760941666366053 0.6283506892928941 0.08034677956950458 0.08392362141421188
0 0.5069780934615155 0.8548064848542396 0.0686815334984459 0.06791667549789579
0 0.4054711356464139 0.5907291158870983 0.16523550992479738 0.16488593393541642
0 0.32329864453775403 0.6577653376641299 0.14056084160399784 0.13750497840045348
0 0.4022713227833511 0.8412474710592415 0.14368584160399783 0.13761410580511538