0 0.08359375 0.35 0.15078125 0.26796875
0 0.2515625 0.353125 0.17421875 0.27890625
0 0.4140625 0.3453125 0.140625 0.26796875
0 0.57578125 0.34609375 0.15625 0.27578125
0 0.740625 0.34375 0.15859375 0.27578125
0 0.896875 0.3421875 0.15390625 0.26796875
0 0.896875 0.6390625 0.16953125 0.29921875
0 0.734375 0.64296875 0.16171875 0.28671875
0 0.56875 0.63671875 0.17421875 0.2890625
0 0.0796875 0.6421875 0.15390625 0.3046875
0 0.24375 0.6390625 0.15390625 0.29453125
0 0.41171875 0.63515625 0.16640625 0.29140625