0 0.2792085638007958 0.7049532391129404 0.23923754942915867 0.24105822367353405
0 0.4691531314815622 0.6363493062808414 0.2372930474519924 0.23163775956691132
0 0.6442539491623286 0.5673134644358271 0.2516738824329643 0.2398594365265156
0 0.8334491003411924 0.4994680495504168 0.2602503863872969 0.258836757059629
0 0.9417776176042167 0.4522102678136747 0.11644476479156651 0.20377352084968262
0 0.14172049265998826 0.7586967015702104 0.1566505425090765 0.20588159012915455
0 0.12268003809763325 0.5786682207705403 0.20779654844057555 0.23546144154108042
0 0.2977490222803025 0.5088511289255259 0.2550535504177419 0.2462003647397609
0 0.48353267197629124 0.43388353582687034 0.23110671444818678 0.23301840314042063
0 0.6656329061589605 0.364271032461658 0.24523288144438116 0.23499008010002492
0 0.8409247248283102 0.2999226906166437 0.23110671444818678 0.23301840314042072