0 0.7573094846936078 0.9693080830244426 0.16656302586424765 0.061383833951114755
0 0.6344630180797026 0.946976726038201 0.15212009263643722 0.10604654792359795
0 0.4929802117323542 0.9201116364751544 0.17227947994174037 0.15977672704969131
0 0.3591962451184491 0.8994469450516757 0.16854672618081654 0.20110610989664862
0 0.22678456189063878 0.8603472560752679 0.15908079796757119 0.21003474282842377
0 0.08982177098269653 0.810205868418987 0.16395015439406196 0.2164484339354164
0 0.02632184144930294 0.7684424651536097 0.05264368289860588 0.2150099303072194
0 0.06013220328607001 0.5468502073490613 0.12026440657214002 0.23120041469812272
0 0.1657861920698059 0.5915402031727102 0.17552415188677947 0.2387053798517325
0 0.29895639324430484 0.6376389315731638 0.17520590314042073 0.2277678798517325
0 0.43192200593900176 0.6907689099736173 0.14979672618081655 0.2128323606144388
0 0.566100777646614 0.7290824202252363 0.17695025956691132 0.23407244355406326
0 0.6986033890876697 0.7712476167745246 0.17065479546028878 0.23229168874473985
0 0.83414007231548 0.8166469407284744 0.17699572367353406 0.23563494355406328
0 0.9055988498290801 0.591567584375205 0.1626149749271754 0.22420637023308565
0 0.7770706845479586 0.5471950470817439 0.17649561850068451 0.21844744355406326
0 0.6418749821198183 0.49007697312779397 0.15636497492717538 0.22398811542376224
0 0.5070286206787626 0.44782993102500956 0.18324572367353403 0.2358531983633867
0 0.3800402233443297 0.4042932074338794 0.1898594365265156 0.24857145317271012
0 0.24976770163671738 0.36611610643808745 0.1769502595669114 0.23407244355406326
0 0.11383621331519986 0.30740825063297217 0.19601850831327017 0.24566470798203355
0 0.1932977074427051 0.1029414946425224 0.16965458511458978 0.19791668874473983
0 0.31832879968343086 0.1331151226801563 0.18521740063313832 0.24997026206571754
0 0.4532206252311092 0.17379966478294076 0.1774503647397609 0.25125994355406334
0 0.5809675405122309 0.21814492022523635 0.16913775956691152 0.23379962504240898
0 0.7134474198999751 0.26109136677452455 0.18062082884638359 0.252931570958725
0 0.8527539608079173 0.31131459998430155 0.191649257059629 0.256438516875041
0 0.9437139299291051 0.356721358421822 0.10011497492717539 0.2220238221398514