4 0.7891167574887359 0.8292811567074981 0.3220102401513493 0.3414376865850038
4 0.6366483320895846 0.7914111760820871 0.2989547421285156 0.3611215027052708
4 0.48869365174751733 0.7248765620623607 0.26913990813612687 0.3576510573679075
4 0.35964813889593594 0.6624663740451797 0.25093373619701664 0.3324510626989074
4 0.20767446201390988 0.612283466024817 0.27038407315515495 0.34985673870145284
4 0.1075842787060931 0.5322499733449995 0.1854997371855998 0.3363749466899989
4 0.8343616374130611 0.660962249442995 0.18407520555093831 0.1864294906906352
4 0.7036581240671884 0.5961901300922685 0.19727554250907636 0.20376244135899882
4 0.5684899452079959 0.5368322167409056 0.16762253460041113 0.16593517735518085
4 0.4283477648659287 0.47038850938890653 0.1879350346004111 0.16617153469127163
4 0.2758793394667773 0.42722776070177115 0.1984560405319101 0.1944056226925443
4 0.13564165863041847 0.35844030334977195 0.16650570357377187 0.1768544960216354