2 0.38995308190884953 0.3540343039744643 0.1940215577372159 0.16884327759614015
2 0.4298144295321274 0.6229712646072013 0.12492294724210726 0.13485801542127546
2 0.6058540137894642 0.6753128348170152 0.2182935156438411 0.1567796542193456
4 0.1272395212584489 0.5650091655834313 0.2544790425168978 0.26412059577735914
2 0.3258619478773917 0.5413882536501526 0.14752598933548197 0.14773984496658024
2 0.5049725952042035 0.5007201635515411 0.18833299985882554 0.1515739569792892
2 0.6425250740869288 0.43508330113179516 0.14834503669052862 0.16180234496658025
2 0.5769903503247009 0.3518247418790299 0.14127598933548208 0.1476307508107789
2 0.761351397820922 0.4895543871699218 0.1449470209055132 0.15706029788867965
2 0.8589859900413537 0.6124754642795944 0.14743498407381034 0.14617734496658025
2 0.21151726876878732 0.3696887573036006 0.1876049577654509 0.1390739569792892
2 0.40042379016841056 0.7382007982924214 0.21105786831702938 0.11294783360249454