3 0.73359375 0.7067894703549331 0.221875 0.4238602471574026
3 0.6703125 0.6851350072572233 0.290625 0.47005197867096377
3 0.525 0.6321402679217412 0.31875 0.5232525733810572
3 0.38671875 0.5779925522637827 0.334375 0.5616626259977757
4 0.259375 0.6362006234375269 0.234375 0.3511507892507774
4 0.27890625 0.4232756892084251 0.175 0.26644258930724707
3 0.61796875 0.37974258099121627 0.15625 0.23097552616718495
3 0.5453125 0.3325420863234753 0.1375 0.22207096302712265
3 0.434375 0.2917057127447741 0.18125 0.27305661035393447
3 0.78515625 0.4426051439901041 0.1109375 0.15021137357870132
3 0.68515625 0.4586558072431058 0.184375 0.28886362087727824
3 0.64375 0.24921291780880184 0.1515625 0.20570251038216938
3 0.55546875 0.22610237052434234 0.146875 0.2319919945971538
3 0.41484375 0.17181814697387593 0.2234375 0.3083262524190744
3 0.7125 0.31415464932236314 0.121875 0.1805359104104042