2 0.12877236306150946 0.31486948283649224 0.22112106496827524 0.2567723465663967
2 0.8408978847458739 0.5383522179447869 0.21180062867060592 0.25789819892376153
2 0.7192609869227921 0.584165523983424 0.2025893197775986 0.2621490512811263
2 0.561222797629898 0.6150237640586267 0.17820438947037937 0.18925520678164426
2 0.6007887507177901 0.47491034036114355 0.19432046279135698 0.20404545285270287
2 0.45278527113621025 0.413418414596746 0.18381947241000382 0.21603603060296198
2 0.28502236306150946 0.32214694354707796 0.20451391832631982 0.22791960049533805
2 0.2832366629688422 0.4273609824222075 0.18538197241000381 0.2161088052100677
2 0.39968260770403186 0.523262141437382 0.17258930653075472 0.16247438296032685
2 0.8922966605217715 0.7020915403183624 0.21540667895645704 0.33584341645877275
2 0.44113847612301893 0.6382899820079228 0.23220738710812655 0.35088621960192584