0 0.5329235624046875 0.12090381419840024 0.3345971248093751 0.2205304264973857
0 0.696043117875521 0.21933661718053638 0.33747016451263934 0.3439679264973857
0 0.8395729526972918 0.3712437611497571 0.3208540946054164 0.3469565341775177
0 0.9210060970739585 0.5204374305875138 0.157987805852083 0.33606919530200424
0 0.2923934006449308 0.31923469945863936 0.3582190756068059 0.36330895988348055
0 0.44966365282913234 0.4682441639609734 0.3566202080156254 0.3617009957768579
0 0.6087146105604171 0.6266740925699301 0.3693747811538891 0.3730022086298394
0 0.7731252155181604 0.7805756455520664 0.35182360524208356 0.35687710345698986
0 0.5346290260229869 0.9222112837818063 0.339792464665139 0.1555774324363874
0 0.37888621266836875 0.8409863643440495 0.3544030913743752 0.31802727131190095
0 0.21800065121361173 0.7121148697543258 0.335834929330278 0.3407974623907631
0 0.11670764209555602 0.5530233630904083 0.21552242933027804 0.3372967261808167