3 0.7482429787555414 0.6935020115315024 0.2427885786919079 0.19854812188998175
4 0.6802073100334075 0.28159183174874747 0.28165108402290817 0.18340780076822555
4 0.6621578387173613 0.4079119923096256 0.28472154002227157 0.17888407507848503
4 0.8343884694064057 0.5816814422187685 0.3049613146880901 0.17369860809517199
4 0.6004140060868597 0.6709199253717408 0.09720335868872639 0.16749511646291496
4 0.9600408080442253 0.7532399389394081 0.07991838391154929 0.107710680687266
0 0.21924527474536 0.5908241530976462 0.12165791868236289 0.12193031094499088
0 0.44817770206076996 0.4708712584792846 0.06945907200827221 0.0645405348257091
0 0.16723678473104248 0.48269407055592933 0.061701116008908666 0.06881859905006031
0 0.11372143340226955 0.5134627137039529 0.07114884134309046 0.07555992198083886
0 0.06040498205758826 0.4271257440071062 0.07896134134309048 0.07596935775648764
0 0.03261743141308724 0.5888511380596408 0.04438634667409056 0.056980340343633175
0 0.2612771387253155 0.4454607434412793 0.08393974267981755 0.1012150192218769
0 0.2962355834261321 0.6987019301214392 0.07118520401018139 0.07868492198083885
0 0.4013867074315409 0.7440321195151326 0.0631727093411815 0.06108798620519007
0 0.11719352076699538 0.7447536572815178 0.07102157200827235 0.06462242198083885
0 0.09372020544235862 0.8075469063770067 0.0647897533418178 0.06585737336031983
0 0.21379196936663486 0.25636726594251646 0.05374316534054513 0.05590916327441153
0 0.3643299607335878 0.5117618521022781 0.12189427601845378 0.14224281094499086
0 0.2567810900699968 0.5287678883983251 0.12142156134627216 0.10161781094499087
0 0.1585964867122706 0.34404432835784543 0.13846361067790855 0.09001856965141819