2 0.21303147822588064 0.5119621687014785 0.32734271615168675 0.31201747964646936
2 0.40620847987523323 0.6632767644721784 0.32429192399010315 0.3680218181810801
2 0.5942517006457735 0.7721991423550542 0.3826954573761981 0.3913641429208809
2 0.652630153469625 0.869664004691898 0.329285649379497 0.26067199061620416
2 0.08479516646825586 0.4209952527135334 0.15195025956691144 0.23574050542706684
2 0.44786816481890324 0.29883248416902514 0.2655413981258558 0.27913638059640905
2 0.5791301881758683 0.41335973088966477 0.28368364436493215 0.3128496393028364
2 0.7301962461725694 0.5382855670494264 0.2906156059642722 0.33661468792335536
2 0.3786133626281899 0.4387337878779268 0.34052467775102696 0.33611007688750744
2 0.24085964687221456 0.288763686114333 0.2904792136444042 0.3319271879233553
2 0.25657191191590933 0.15853727555345493 0.2963367570596289 0.2651491236990041
2 0.8868959094086268 0.518881549070745 0.22620818118274633 0.2889274604245926
2 0.8749702224198929 0.6665820646745771 0.2500595551602142 0.2935264292169279
2 0.8330761714163138 0.859257649818286 0.26391671364440433 0.2814847003634281
2 0.7992741697669612 0.7408207468321814 0.31842235721791357 0.32715115671569084
2 0.5636967194503921 0.6067855042954131 0.36611571113712177 0.35773277136958337