0 0.8637882866033271 0.6189060228282395 0.2341439834556649 0.37038201082055267
0 0.7760400376367844 0.5209111405375013 0.3384676104201354 0.36561560596427223
0 0.649901376759583 0.42414613763450754 0.34515425806277056 0.3751724623907631
0 0.5250897754356754 0.315685116784825 0.3236773643490768 0.3495814290046682
0 0.38790445264781515 0.22094561513547237 0.3337073358130295 0.36391671364440425
0 0.25751278536047284 0.14830843401923313 0.32559942927905433 0.2903428213245362
0 0.1063890870558839 0.37666545157021036 0.2127781741117678 0.3627059031404207
0 0.17100272384270818 0.4750778710079671 0.34200544768541635 0.37053042649738577
0 0.30078101840636207 0.5798372303374517 0.35972618031251163 0.3865191393503672
0 0.4378207919800106 0.6777017319868044 0.32680236434907695 0.34967235721791357
0 0.5770587663394474 0.7787594297960909 0.348060934241453 0.37057589060400853
0 0.6996550502521782 0.8545273417785074 0.333086597599854 0.2909453164429852