3 0.2234375 0.57578125 0.059375 0.39296875
3 0.28359375 0.58359375 0.12109375 0.4109375
3 0.42578125 0.5984375 0.13046875 0.459375
3 0.5625 0.60859375 0.13046875 0.496875
4 0.64765625 0.71171875 0.11328125 0.296875
4 0.709375 0.5203125 0.08359375 0.225
3 0.43984375 0.34140625 0.078125 0.19375
3 0.51796875 0.33125 0.05859375 0.1921875
3 0.6265625 0.3421875 0.08671875 0.23046875
3 0.27578125 0.3265625 0.06171875 0.12109375
3 0.35390625 0.38203125 0.08203125 0.2484375
3 0.465625 0.21796875 0.084375 0.16484375
3 0.54921875 0.234375 0.065625 0.20078125
3 0.6875 0.24453125 0.11796875 0.259375
3 0.384375 0.2453125 0.0609375 0.15078125