0 0.18984375 0.384375 0.15625 0.1640625
0 0.3765625 0.38125 0.15859375 0.15390625
0 0.54921875 0.3828125 0.171875 0.15625
0 0.734375 0.37890625 0.171875 0.17421875
0 0.90859375 0.37734375 0.171875 0.15625
0 0.046875 0.3828125 0.09375 0.1640625
0 0.09375 0.54296875 0.16171875 0.15859375
0 0.27890625 0.5390625 0.171875 0.16171875
0 0.46328125 0.54296875 0.15078125 0.15859375
0 0.64296875 0.54296875 0.16640625 0.15390625
0 0.81484375 0.540625 0.15078125 0.15859375
0 0.953125 0.54453125 0.09375 0.16171875