4 0.839558419252992 0.8157171193036102 0.1793303798517325 0.17278680262104168
4 0.6546501951137078 0.7458624802452772 0.2123809820286507 0.2250766544446529
4 0.29492302024878403 0.6972503276035761 0.18934029691210785 0.1464788757593057
4 0.4810986224257022 0.6413964518442704 0.18865081614940155 0.17144250816812523
4 0.7756968490120573 0.5432076460890966 0.17645835099579177 0.13525043502986128
4 0.9333282997376967 0.5223652031754507 0.10049605172143146 0.15065592306201409
4 0.552316401914615 0.479712763014687 0.15340279691210784 0.14564242116215292
4 0.6234250208817562 0.5670478024336105 0.1424107332097769 0.143825348023889
4 0.38453119038920236 0.4336586466577774 0.13906747840045358 0.13750261284152784
4 0.0684523557202973 0.4388793556233333 0.1369047114405946 0.1347412887533334
4 0.07862471928755191 0.5393151135071179 0.15724943857510382 0.11486519984750014