0 0 0.695212596875 0.15863810625000002 0.532882146875 0.143398734375 0.49361448281250003 0.09463275156249999 0.4398877921875 0.03672314375 0.4138047859375 0 0.4513826703125 0 0.695212596875
0 0.256170075 0.603761040625 0.2013083421875 0.574559221875 0.0279060796875 0.7343633390625001 0.141634178125 0.8454443875000001 0.17692535 0.8189566671874999 0.3110318078125 0.681728846875 0.307983934375 0.6665604140625 0.256170075 0.603761040625
0 0.3963722828125 0.7346042578125 0.347606296875 0.7174520531249999 0.188330296875 0.8910536421874999 0.2836009421875 0.9841068375 0.3628456671875 0.9274006640625 0.4329467703125 0.8373806937499999 0.4481861421875 0.7852121359375 0.3963722828125 0.7346042578125
0 0.615819215625 0.9489435046875 0.548765984375 0.877355209375 0.4969521265625 0.8694175671875 0.377936384375 0.9912034328124999 0.6217560546875001 0.9855284671875 0.6219149609375 0.9853761140625 0.615819215625 0.9489435046875
0 0.71328125 0.7662106946260758 0.3515625 0.3597452080156252
0 0.5609375 0.61897528476618 0.34375 0.3517508700597226
0 0.41171875 0.46307338972392326 0.3578125 0.3661406783803475
0 0.25703125 0.3135487812507984 0.3625 0.37093728115388913
0 0.5078125 0.11720241774368041 0.346875 0.23440483548736082
0 0.66484375 0.20405683995267304 0.346875 0.35494860524208355
0 0.81328125 0.34669566879052016 0.35625 0.3645418107891669
0 0.89765625 0.5017630688667701 0.2046875 0.3625766544446529