0 0.3148306857923605 0.6911226128435961 0.35945426728618085 0.35953868387616605
3 0.7184271580569439 0.7477184642366599 0.48518423195131993 0.5045630715266801
0 0.7287262655801381 0.8640294918251434 0.32587804787138913 0.27194101634971296
0 0.11756805328663192 0.26551014988706056 0.23513610657326384 0.3278952997741211
0 0.12354464314239574 0.3502946735645839 0.2470892862847915 0.31621434712916774
0 0.18124150826503435 0.4478668945548015 0.3344178996950003 0.35652009968941645
3 0.3071370867216318 0.18139129707269797 0.27039046086541685 0.2872548892225425
3 0.41060627241708314 0.23983239960471187 0.321699694147917 0.34641705759604174
3 0.44497865957555527 0.3763915258848362 0.4465932042159032 0.48320296800644585
3 0.5587300754193747 0.497233917879389 0.4306045283040977 0.4666679153897274
3 0.644229857904444 0.5882677125330125 0.42747952830409763 0.46648590486638375
3 0.6550926630909369 0.6929475072572233 0.4788251291777783 0.5272105732398827