0 0.7151449085560563 0.4677250407326471 0.2604307530029306 0.42072783870851377
0 0.8935909021302658 0.5065628705498207 0.1906620810638202 0.39252575599585604
0 0.5112041664647218 0.42065517989822687 0.2654074130790427 0.3897689371369372
0 0.30382008939241517 0.3812522698495949 0.2609109140676259 0.39423811331561953
0 0.11328656718647481 0.3468279582293864 0.22657313437294962 0.38740591645877276
0 0.24769878749179855 0.6251991689399722 0.18414418973360736 0.11774407981717375
0 0.46195494707361906 0.6688358147205804 0.2094625247145793 0.1267209735308672
0 0.6626579426249949 0.699317489037236 0.1723153517868859 0.09535965756743252
0 0.8595992682144267 0.74527861413968 0.18857702174882993 0.11171240363849115
0 0.07758519463934223 0.581455515301481 0.15517038927868446 0.11291103060296201
0 0.6423680058571369 0.7938658556626246 0.17457818874502423 0.11261993217453856
0 0.835163000914221 0.826327406943751 0.1852610207602467 0.10687935442427943