3 0.6421875 0.75625 0.0765625 0.15703125
3 0.30703125 0.61328125 0.16171875 0.19921875
3 0.30234375 0.75234375 0.0953125 0.165625
3 0.54921875 0.6203125 0.1109375 0.15234375
3 0.86640625 0.7625 0.221875 0.10078125
3 0.4046875 0.621875 0.19453125 0.15859375
3 0.6265625 0.3859375 0.2125 0.07421875
3 0.40703125 0.2484375 0.16953125 0.05078125
3 0.1234375 0.74609375 0.24609375 0.1328125
3 0.12109375 0.79453125 0.1890625 0.0875
3 0.11875 0.65703125 0.2375 0.1515625
3 0.47734375 0.49140625 0.06796875 0.1296875
3 0.48828125 0.74296875 0.09921875 0.159375
3 0.72421875 0.5 0.0734375 0.171875
3 0.75703125 0.6484375 0.096875 0.14296875