0 0.09921875 0.328125 0.15078125 0.3125
0 0.26328125 0.3375 0.15625 0.29921875
0 0.4125 0.33828125 0.15390625 0.3125
0 0.56875 0.33046875 0.1484375 0.28671875
0 0.7265625 0.33984375 0.14609375 0.3046875
0 0.89609375 0.33984375 0.16640625 0.29453125
0 0.89296875 0.65078125 0.14609375 0.3125
0 0.73984375 0.65078125 0.16640625 0.296875
0 0.58046875 0.65234375 0.16640625 0.31484375
0 0.421875 0.64609375 0.15625 0.28125
0 0.259375 0.6390625 0.16953125 0.29453125
0 0.103125 0.65078125 0.15390625 0.296875