1 0.54453125 0.628125 0.0890625 0.178125
1 0.53671875 0.2765625 0.11875 0.07734375
1 0.6296875 0.3234375 0.0890625 0.10078125
1 0.57421875 0.61484375 0.08515625 0.14375
1 0.41328125 0.615625 0.128125 0.1140625
1 0.3375 0.6796875 0.14609375 0.08046875
1 0.3609375 0.64765625 0.15234375 0.07265625
1 0.140625 0.5578125 0.1125 0.1859375
1 0.2 0.5703125 0.13203125 0.14609375
1 0.25546875 0.54921875 0.11328125 0.1203125
1 0.11640625 0.6453125 0.08046875 0.14609375
1 0.034375 0.53203125 0.06875 0.125
1 0.04453125 0.44921875 0.0890625 0.1140625
1 0.09296875 0.4796875 0.06796875 0.16796875
1 0.23046875 0.44140625 0.16796875 0.134375
1 0.1890625 0.46015625 0.14609375 0.1046875
1 0.34140625 0.4421875 0.05625 0.1328125
1 0.2078125 0.384375 0.16328125 0.08125
1 0.23359375 0.3625 0.15390625 0.06640625
1 0.3171875 0.3484375 0.125 0.06875
1 0.28671875 0.30859375 0.090625 0.0421875
1 0.43515625 0.29453125 0.0515625 0.12890625
1 0.4015625 0.471875 0.12734375 0.1609375
1 0.45 0.45546875 0.11796875 0.153125