1 0.5446900289407586 0.3439210593563436 0.18042165389834963 0.20605657095872498
1 0.3676935416394483 0.6512499536360463 0.14677085099579196 0.13621529691210785
1 0.31218509690425866 0.5624528376641299 0.13594247840045365 0.13895835099579196
1 0.5116592741314351 0.33881689710529156 0.1558928798517325 0.17398811542376222
1 0.6514608733131284 0.42232382315134165 0.17615081614940156 0.17313494355406328
1 0.7502431136944816 0.40635902805333235 0.17393355172143146 0.1543303798517325
1 0.7132069051642939 0.42094980690927286 0.17382442431676956 0.15120537985173232
1 0.8576092135091471 0.6138044511041576 0.2045139183263199 0.22562502649368774
1 0.8123587116950487 0.5723634847694214 0.19906252649368775 0.20358633538669527
1 0.7533284520764019 0.5619096236068286 0.16666668874473983 0.1696825613400783
1 0.9231423945961887 0.5504934300527653 0.15371521080762243 0.17393355172143146
1 0.9344370478615662 0.6924626752434418 0.13112590427686754 0.1481696598887993
1 0.882941574123586 0.7568451229738564 0.14413692431676955 0.15016866950744615
1 0.8569495037978332 0.7069096103599847 0.15627482576804833 0.18492561542376224
1 0.7179217201325692 0.6679612161651001 0.22277284500534195 0.21221729092165803
1 0.764261006793058 0.6733828369463397 0.1871428798517325 0.17507938947037935
1 0.6236062357416657 0.6102429746026206 0.1253323606144388 0.14795140507947585
1 0.709084922672307 0.728499412081416 0.18832343393541642 0.16419645317271012
1 0.6748463319281341 0.7336060635326949 0.1720982332097769 0.14646331614940172
1 0.5955482123280208 0.7027404986492376 0.1481696598887993 0.1315823606144388
1 0.6012277826537737 0.7533853393934106 0.1030010036281972 0.08942957694917482
1 0.46598719790005055 0.6884920040915332 0.11886410580511537 0.14148315027015243
1 0.5863765650530933 0.5520956579050648 0.20251490870767305 0.21307046279135697
1 0.5359673372856119 0.5421229463796522 0.1911408990890262 0.20018851687504108