3 0.6157536849215717 0.747464661116276 0.0916067587805987 0.17402830517696727
3 0.27925816959986943 0.5944655476373952 0.18408515027114644 0.2293976156156063
3 0.26279231138500486 0.7399068502541137 0.11198289129415606 0.1861488735787013
3 0.5298939738545956 0.6048592031390635 0.12752607806243949 0.17299642619541977
3 0.8484343747149172 0.7565611271271704 0.2382090480082102 0.1357077997741211
3 0.3799485160090733 0.604220708259561 0.21509880093507644 0.19059272084904322
3 0.6289365036142373 0.36089012428457296 0.2270988311856975 0.1053832629424182
3 0.41188587988127867 0.21577285828779594 0.1800602047222643 0.07452810509226264
3 0.10511318423420066 0.7297036395754783 0.21022636846840131 0.16559272084904322
3 0.08614956079582964 0.7792332027155405 0.17229912159165928 0.11340859456891898
3 0.10463191608382805 0.6375616422063143 0.2092638321676561 0.18737671558737148
3 0.4650780158126816 0.4696189241292812 0.080496541958086 0.14370376834526438
3 0.4573053806668456 0.7317016951759686 0.11506243949875791 0.17851838410204496
3 0.7211734797083281 0.48125656121509797 0.09013516237139499 0.18956229991529536
3 0.7436973986208265 0.6369227322900202 0.11183744554888228 0.1611488735787013