1 0.09721861012090742 0.43796823220550285 0.179161280416594 0.3646885355889943
1 0.17927494068315067 0.35484271441100573 0.2988660266556703 0.4023397272997681
1 0.3085927161516867 0.28308843673067685 0.2981840650563301 0.3789022272997681
1 0.43867736975432586 0.19583247034250478 0.3148547395086517 0.39166494068500957
1 0.5804413209288248 0.15130653752897957 0.29213264185764964 0.30261307505795915
1 0.7035689323698804 0.11135535817549551 0.2977628647397609 0.22271071635099102
3 0.31120117141631376 0.829723356198329 0.2982917136444043 0.3289658942959625
3 0.4362633558977652 0.7730038295065833 0.2953318496960662 0.3881498933073793
3 0.6931401785424497 0.5959333576440228 0.3197240959351424 0.4219173982502952
3 0.8364295257977405 0.5204810769979444 0.298593242015934 0.39296472729976806
3 0.9100917170096166 0.432604392207253 0.1798165659807669 0.418577539543327
4 0.5587628300335178 0.6819729698110321 0.29555917022917944 0.3959623933073793