2 0.27559777775963223 0.4376464557647684 0.28563992195451693 0.30948764285525987
2 0.8495337524470706 0.1508972889668164 0.1549851442797027 0.19009098620028234
2 0.6124405241314351 0.3457769610430695 0.328536750084818 0.33053652840691905
2 0.777862138289253 0.2475189188364327 0.2812599568009073 0.27349559577735916
2 0.534955452709374 0.701251439532714 0.30860619600113404 0.34111947240056467
2 0.36062263002136846 0.8129543729730528 0.31178575970346484 0.34273651947846523
2 0.11996785896997622 0.7491448376629796 0.19672126569391463 0.2673353246740408
2 0.21871787221682015 0.8459186517870089 0.2263542019915838 0.2662910219140972
2 0.13822180724854494 0.6002982345787246 0.24501492195451688 0.3087785308425509
2 0.29565236133222894 0.5866061071447402 0.27043158420556895 0.2764296810047068
2 0.925570462791357 0.4784944090972001 0.14885907441728605 0.21064894805083528
2 0.7655953282999372 0.6573575689985885 0.22893356496827516 0.25072056899199796
2 0.7358755680483181 0.522637695621794 0.17836808057737166 0.18893758928453738
2 0.6217609935462141 0.5902945742735943 0.19163197241000382 0.21103077759614006