0 0.125 0.1328125 0.10390625 0.17734375
0 0.240625 0.13828125 0.09140625 0.171875
0 0.375 0.1328125 0.10390625 0.1875
0 0.5015625 0.13046875 0.1015625 0.1875
0 0.62734375 0.13515625 0.09375 0.17734375
0 0.75625 0.13515625 0.09609375 0.1875
0 0.8765625 0.140625 0.10703125 0.17734375
0 0.87734375 0.3515625 0.09921875 0.18203125
0 0.75390625 0.3515625 0.1015625 0.1875
0 0.62734375 0.3515625 0.10390625 0.17734375
0 0.5 0.3453125 0.08359375 0.16953125
0 0.375 0.3515625 0.10390625 0.18203125
0 0.25 0.35390625 0.09921875 0.18203125
0 0.12265625 0.35546875 0.10390625 0.18515625
0 0.12109375 0.56875 0.1015625 0.17421875
0 0.24765625 0.56796875 0.109375 0.16640625
0 0.37890625 0.5765625 0.0859375 0.1796875
0 0.50546875 0.57265625 0.109375 0.18203125
0 0.6265625 0.57265625 0.11171875 0.19296875
0 0.74765625 0.56796875 0.10390625 0.18203125
0 0.88046875 0.578125 0.11953125 0.1875
0 0.875 0.7890625 0.09921875 0.18203125
0 0.75625 0.7875 0.10703125 0.20078125
0 0.63046875 0.790625 0.09921875 0.20078125
0 0.509375 0.790625 0.09609375 0.18515625
0 0.384375 0.79296875 0.1015625 0.20078125
0 0.2515625 0.790625 0.11171875 0.20078125
0 0.12890625 0.7875 0.1015625 0.17421875