0 0.31796875 0.69296875 0.55703125 0.42734375
0 0.7515625 0.66953125 0.14296875 0.171875
0 0.68203125 0.2171875 0.19296875 0.18984375
0 0.21640625 0.2515625 0.31796875 0.3046875
0 0.47421875 0.19296875 0.16640625 0.19765625
0 0.5796875 0.04296875 0.19140625 0.0859375
0 0.81875 0.0546875 0.1796875 0.109375
0 0.88828125 0.23828125 0.16171875 0.18984375
0 0.775 0.3984375 0.17421875 0.13046875
0 0.5328125 0.39609375 0.22109375 0.15625
0 0.884375 0.53515625 0.17421875 0.12265625
0 0.9359375 0.6890625 0.06015625 0.1484375
0 0.865625 0.8375 0.1953125 0.17421875
0 0.68203125 0.84140625 0.140625 0.17734375