2 0.6034528331224334 0.8559456292568672 0.1314769400324213 0.1405170066836355
2 0.40417411703516404 0.7730620459500477 0.15756855913900925 0.16424540802036275
2 0.21612399937631827 0.6963011933084102 0.17384853060296193 0.17848972135581712
2 0.3047733147205804 0.48499951929504725 0.19205487510244393 0.200564716024817
2 0.4866462069865321 0.5633955972708665 0.18373295285270289 0.18953630935708982
2 0.6923204722880131 0.6493314552435041 0.1624016083532208 0.16742495202099902
2 0.7695421360606985 0.4444161412317319 0.18402405128112634 0.19578630935708982
2 0.5772946699734295 0.36145074192395804 0.19866874813797325 0.2084499413589988
2 0.3849016546719485 0.27536034261618414 0.2023031703877142 0.2194238040260897
2 0.8465090887085138 0.23403207721995978 0.19398124813797324 0.20839539735836246
2 0.6632363622821623 0.1423638399109132 0.18624152274507894 0.20986699069063527
2 0.48305440260503385 0.08679892397359212 0.1879838052100677 0.17359784794718425