2 0.07588274973426369 0.5078125 0.15176549946852738 0.2203125
2 0.83688596289095 0.57109375 0.16404654844057553 0.2296875
2 0.7376446496588078 0.47578125 0.1488035504177418 0.2390625
2 0.59706075342286 0.37890625 0.14861786661563342 0.1578125
2 0.5828178868072265 0.53671875 0.16306236859279988 0.1671875
2 0.4170973863129349 0.5390625 0.14357753954332697 0.1875
2 0.22245604836621347 0.5609375 0.16577087452429895 0.1953125
2 0.25959790410743205 0.4546875 0.14670253954332696 0.1875
2 0.40691591448755543 0.40546875 0.15046952669174568 0.1265625
2 0.9333046595446396 0.42890625 0.1111072322426839 0.3109375
2 0.4890519352478021 0.30703125 0.15131573817418306 0.3390625