0 0.37293115937299814 0.2917779763224767 0.7177373187459963 0.5835559526449534
0 0.7943623587284971 0.4095110928557162 0.21675333736472596 0.24371772084904325
0 0.5461008654519036 0.8422226952465557 0.2748203760343621 0.2689599155309018
0 0.15610093208940498 0.6499482501411743 0.3019112293920882 0.45010349971765146
0 0.32675088144490394 0.8034009318806147 0.2515465080362711 0.281657336605824
0 0.7613446047899034 0.8640844717666767 0.24120789735836254 0.19829880503579309
0 0.7109162487666773 0.695811884878504 0.23047039202736244 0.21484926820408995
0 0.4652759374204051 0.6147417083301482 0.2888101507001803 0.2635289628859484
0 0.8754685500874959 0.5939778271412879 0.22725448535963508 0.2068547576807463
0 0.9641823206954078 0.4541425114409769 0.0716353586091845 0.17789675782192055
0 0.9207221273472268 0.27847465350611683 0.15855574530554647 0.2640610419522004
0 0.7928073073679075 0.2086843402248803 0.21524538136536223 0.2483142155873715