0 0.45399243019722313 0.3397358205996204 0.25271944561520343 0.2525412929530063
0 0.22498676867098166 0.30735654427315456 0.2666455779204517 0.24513796991261047
0 0.19366108198423201 0.5362771661390514 0.2510751249983524 0.24780832884638357
0 0.4300428668872681 0.5934291219324039 0.28262513392680616 0.2659051109788372
0 0.6895172784135096 0.6249218481797275 0.24932171022570007 0.23682536473976085
0 0.7157014975676633 0.37741035068701 0.2357228603878557 0.26297868778015676
0 0.9145111444834082 0.3950511770926181 0.16028648376465035 0.23579641066226814
0 0.7499067224038599 0.16246130060786773 0.24335235389503396 0.16325147241989288
0 0.5097180990270653 0.1444627730277606 0.24995690990138844 0.18374582884638363
0 0.255889715504001 0.1026546724072576 0.22323076866768635 0.17359793903379805
0 0.9361209119332786 0.18593458986645733 0.12273984496658023 0.14256323620994643
0 0.902897939939751 0.6577557655724202 0.16047739853730292 0.24673391066226813
0 0.8731580726520365 0.8405599053850057 0.13477619480442443 0.116364449062928
0 0.6471819537394687 0.8135584508452945 0.21953302434972918 0.14069451082055268
0 0.39180470698587966 0.7710145643314142 0.23540348620028234 0.1552116518867795
0 0.04417887378383165 0.5173633447480082 0.0883577475676633 0.24339831050398358