2 0.1906910808551401 0.66953125 0.2658562481379732 0.20625
2 0.4125446561241997 0.7203125 0.22596330231458364 0.2890625
2 0.6172856600531411 0.7359375 0.2942038800648426 0.278125
2 0.7032188519475893 0.803125 0.2944135876750565 0.1484375
2 0.044858619935157384 0.6546875 0.08971723987031477 0.196875
2 0.3310443689017001 0.3734375 0.19866874813797314 0.20625
2 0.4852202925991832 0.41796875 0.20339478949430206 0.240625
2 0.6611984416895604 0.4640625 0.19838195781510173 0.2671875
2 0.31353788358400847 0.53125 0.26865591645877285 0.2328125
2 0.14284870202864255 0.45546875 0.20128863399378405 0.2625
2 0.119514075476202 0.33359375 0.239028150952404 0.1625
2 0.8148928300265705 0.36796875 0.2007406703877141 0.2171875
2 0.860014777297702 0.50625 0.2425642973521847 0.209375
2 0.8776602338744587 0.73125 0.18355747849326604 0.284375
2 0.7884779174967392 0.61640625 0.2421661910658786 0.234375
2 0.5353721881749036 0.59921875 0.29267561331561964 0.2453125