2 0.7673581601280556 0.41875 0.2887865681193853 0.3171875
2 0.12069744980235593 0.2078125 0.12985264192396556 0.190625
2 0.398267254908736 0.37265625 0.3381341207361038 0.3328125
2 0.20621699182514353 0.29453125 0.2939599155309017 0.271875
2 0.5597779624624254 0.73125 0.30953868387616607 0.3515625
2 0.7642295150085566 0.82109375 0.312754689137838 0.353125
2 0.9526824681476203 0.71328125 0.09463506370475941 0.2765625
2 0.9030384194065684 0.828125 0.19392316118686317 0.2671875
2 0.9111404392790122 0.56171875 0.1777191214419755 0.3046875
2 0.7796746915569124 0.5765625 0.2772274418392609 0.2796875
2 0.1045003863093579 0.56015625 0.1560357103256996 0.2109375
2 0.3105669177382146 0.71796875 0.2306408681758551 0.2578125
2 0.3107881836644045 0.57421875 0.18159715244730917 0.19375
2 0.4451778651920833 0.628125 0.19233723137238706 0.2171875