2 0.253125 0.65546875 0.2375 0.18828125
2 0.46796875 0.69609375 0.19296875 0.26953125
2 0.6640625 0.7046875 0.26015625 0.25703125
2 0.75078125 0.76484375 0.26953125 0.13125
2 0.07421875 0.646875 0.1484375 0.18359375
2 0.3625 0.36875 0.17421875 0.18984375
2 0.51328125 0.40625 0.175 0.22265625
2 0.684375 0.44375 0.16875 0.25
2 0.359375 0.51875 0.23828125 0.2140625
2 0.18984375 0.453125 0.17109375 0.24453125
2 0.15234375 0.33828125 0.228125 0.146875
2 0.82421875 0.346875 0.17421875 0.20078125
2 0.884375 0.478125 0.23046875 0.19140625
2 0.91953125 0.69296875 0.1609375 0.2640625
2 0.81796875 0.58515625 0.2140625 0.21640625
2 0.575 0.57734375 0.259375 0.225