4 0.5378219838303409 0.23936879259467397 0.31309530076822567 0.2935874499572188
4 0.8168554658516595 0.41836504962398724 0.2995307677515388 0.2726927531003719
4 0.5951165846894235 0.3511453546291672 0.3029014292169281 0.2775258023145836
3 0.8050658740376884 0.550304254338717 0.28735831637205783 0.278360556243525
3 0.9743426599950512 0.4746258198878669 0.051314680009897626 0.13764985731976367
3 0.6868757960185272 0.6149403349844601 0.16172315128862386 0.17119441149637388
0 0.21945367989429662 0.7225407417278323 0.09381195499752559 0.09477315260503386
0 0.24660267808527428 0.6754859592628437 0.08723440637700666 0.0882320541766104
0 0.33655597071289944 0.7412436999572188 0.15942366689245624 0.1570591368892682
0 0.4156625373120999 0.5851628279551468 0.1285078595655099 0.13223891935425697
0 0.45593233321908555 0.5207942669541108 0.07893058344622794 0.07849318114108109
0 0.47030352894435695 0.7950130169541108 0.09200379353213642 0.09001287799792798
0 0.19681179726172263 0.8407256614963738 0.06577548620519007 0.06541098428423453
0 0.16009529002563339 0.6457384931755744 0.08213747060135787 0.08020123035529281
0 0.1263687432141367 0.6862521772121397 0.11510710085908263 0.11446922249741007
0 0.3418775565339768 0.6643365975998539 0.13155097241038013 0.13082196856846853
0 0.5733566078680292 0.7538315529337561 0.11987648801421251 0.11625004631872748
0 0.3701784554477515 0.9728831900324213 0.08633364767057934 0.05423361993515741
0 0.35415398575090484 0.9283263229927481 0.08230124491161739 0.08332623035529281
0 0.15577852498762806 0.459274454300445 0.07728619629109837 0.0768579065339754