0 0.5615378418320176 0.983335879691898 0.20033634328594588 0.03332824061620414
0 0.4679969200908488 0.9451464829258297 0.18512949980360832 0.10970703414834056
0 0.3526355405041577 0.8965175531430749 0.2075317406302261 0.20696489371385035
0 0.24682642291951917 0.82724633197589 0.20441583098930574 0.2325203301668676
0 0.1449735523098185 0.7375077233148912 0.19183401775758915 0.2178027329258299
0 0.06874441305876594 0.6513411719808389 0.13748882611753188 0.2245573439616777
0 0.020538717215296196 0.5683339201718166 0.04107743443059239 0.21791784034363318
0 0.0866773225032946 0.3952106806872661 0.1733546450065892 0.22479636137453224
0 0.17696039227611468 0.4781670228399214 0.20441583098930569 0.23252033016686777
0 0.2819655339630542 0.5633819058111798 0.2012453791939076 0.22454405585660825
0 0.38458601903413536 0.6555052080497433 0.17768970452587257 0.20300324852966192
0 0.4927570673369332 0.7338526153312611 0.20439765027114642 0.22939533016686778
0 0.5985570945624922 0.8167646918800843 0.1996919695529872 0.2260246687014785
0 0.7066872362494315 0.8933117452503015 0.20596924063022612 0.21337650949939685
0 0.8428843323640478 0.7303203380803256 0.19653060811666875 0.219610894391219
0 0.7370888503180287 0.6466270115315024 0.19809310811666875 0.21969278154634875
0 0.6329285911446465 0.550515572137809 0.18556583703942983 0.2143501843053107
0 0.5255615187395477 0.46830285843385616 0.20754083098930565 0.23268410447712715
0 0.42444444633444905 0.38641769335042225 0.216979463502863 0.24411292740790574
0 0.3193938528521115 0.309015310379164 0.20439765027114642 0.22939533016686778
0 0.21524722921734876 0.21056012098547067 0.220104463502863 0.24427670171816523
0 0.35351536455957644 0.0857349406368888 0.19921927088084707 0.1447746687014785
0 0.4524886748644268 0.13312227498762805 0.21689765027114644 0.23005042740790574
0 0.559110858705844 0.20904404511401603 0.2107112827847038 0.24066037878738672
0 0.6602324762904825 0.2901479601974499 0.19812946955298721 0.22594278154634875
0 0.7660370486955812 0.372278786746273 0.2122828731437833 0.24230476594251654
0 0.8756887837666625 0.4647705811829205 0.22170332493918146 0.25060858887329507
0 0.9377342658126816 0.5461710673881106 0.11996810811666876 0.2155984237898611