0 0.2046875 0.16953125 0.15390625 0.28671875
0 0.4078125 0.16953125 0.15390625 0.28125
0 0.59609375 0.171875 0.15078125 0.28671875
0 0.79140625 0.16796875 0.15078125 0.27890625
0 0.209375 0.5 0.15859375 0.29140625
0 0.40078125 0.49765625 0.16171875 0.28671875
0 0.59921875 0.5 0.17734375 0.28671875
0 0.7984375 0.49609375 0.15859375 0.28359375
0 0.796875 0.82265625 0.16640625 0.29140625
0 0.6015625 0.8203125 0.17734375 0.29140625
0 0.4078125 0.82265625 0.15859375 0.28125
0 0.203125 0.821875 0.15625 0.28359375