0 0.38917244870521805 0.9482471494796016 0.24377385771838486 0.10350570104079679
0 0.5197075242946498 0.9152542650380052 0.22645370653952135 0.1694914699239895
0 0.6533675998840817 0.8849138684412793 0.221187886387297 0.23017226311744138
0 0.7864082515572368 0.8371668023501051 0.23406988836446346 0.27264736318355454
0 0.8933308125278858 0.7674042582521421 0.21333837494422844 0.26894915309764633
0 0.9569489728511439 0.7027076724310647 0.08610205429771227 0.24627521370395283
0 0.12296919817374544 0.549812971505869 0.21257689034162972 0.280875943011738
0 0.4790905696951138 0.35487112222866607 0.2261300543720745 0.2691129274079057
0 0.22358337452429894 0.20661292740790577 0.1995383794672148 0.22874023292582973
0 0.045097571672280144 0.341481493102595 0.0714770464634092 0.22358798620519008
0 0.10707630684353253 0.27456731004047974 0.20141921444818678 0.23663462008095948
0 0.6022455909124711 0.0674231111473896 0.1857411818249421 0.08145579715018099
0 0.7634231018240669 0.5217907858417619 0.21968905338349137 0.2640978787873868
0 0.25874616657626487 0.8017173874938142 0.23595072334543535 0.2805417503386843
0 0.5149113004549231 0.6600056795556124 0.2113035504177418 0.24962594301173802
0 0.23953993285070624 0.483421088873295 0.225875386387297 0.26286292740790584
0 0.6158464703796859 0.2864187726127788 0.22418555239490826 0.25965604025277605
0 0.738730872052841 0.22191693860072387 0.20961371642535323 0.24641905585660825
0 0.35155452422028777 0.1330226984388049 0.19609504448624282 0.22076395861557022