2 0.5583668928130876 0.29475990691319487 0.28285489825029514 0.3141040932742363
2 0.5423690914811247 0.8407439009292712 0.20078254448624283 0.2154107137152085
2 0.15772088296443695 0.6335418114547571 0.2666277203796858 0.26065178495361147
2 0.7772813774900484 0.22726785486083395 0.2807830622807401 0.3015677256830558
2 0.9106138478325534 0.30081707047590356 0.1787723043348933 0.2886663757593057
2 0.32340027969467633 0.5429564450978475 0.30109556228073997 0.30204050436840296
2 0.8684408656642315 0.5681305506242715 0.25501905832640726 0.28223584422416687
2 0.7005278068807136 0.68051818179882 0.23043555239490826 0.2535653303564585
2 0.28648118881938633 0.8970035929898958 0.21790637749004843 0.20599281402020822
2 0.5636087856261753 0.5766456865484727 0.20259971247102052 0.22169708130638915
2 0.06982163494160332 0.6408620425530556 0.09431236859279987 0.16922408510611114
2 0.6835844101132933 0.37962782902527836 0.26726439034162974 0.2762767849536113
2 0.4037815049800969 0.4277509788171878 0.17419086958138305 0.17576633225631966