2 0.34375 0.67578125 0.15546875 0.2453125
2 0.9640625 0.6078125 0.0703125 0.1703125
2 0.66171875 0.5734375 0.209375 0.23515625
2 0.84609375 0.565625 0.1921875 0.1828125
2 0.409375 0.3328125 0.159375 0.27734375
2 0.21015625 0.33515625 0.16171875 0.278125
2 0.0375 0.5125 0.07421875 0.2703125
2 0.0640625 0.3828125 0.128125 0.234375
2 0.12578125 0.63125 0.17734375 0.23203125
2 0.28046875 0.546875 0.1671875 0.20078125
2 0.86640625 0.2890625 0.1421875 0.14453125
2 0.61796875 0.2484375 0.121875 0.20078125
2 0.665625 0.36953125 0.103125 0.1453125
2 0.53828125 0.37578125 0.10078125 0.1703125