1 0.5850130864322022 0.6137462962558684 0.10589905128112634 0.1960047906531944
1 0.558662332298373 0.23229627450437546 0.13205482878371627 0.08735714247680564
1 0.6617723697257605 0.2846419841355214 0.10196922249741007 0.11162979065319459
1 0.6163893649682495 0.60042933187507 0.09946496071058561 0.15839568787965277
1 0.44138936496824943 0.5963561616628476 0.1448116939613627 0.12667421561506947
1 0.362632972288013 0.6647593631258684 0.163450377997928 0.0912094943004167
1 0.3868131809316842 0.6309844283803475 0.1692637303552928 0.08197996466513899
1 0.14320226798756808 0.5277639369297222 0.1312629243166556 0.2043991721120836
1 0.2086646021479679 0.5425544419637154 0.15117300992479743 0.16272081838861113
1 0.26694798304138 0.5204989104285767 0.12798806699689197 0.13408667211208342
1 0.12104263171747247 0.6216769378796528 0.09492300992479744 0.16141158510611114
1 0.041855937756109726 0.4965301610941667 0.043831390818209595 0.13681032218833344
1 0.04853612324041707 0.40537848423243056 0.06505141935425687 0.12325696846486114
1 0.08763716459674593 0.44062630642076395 0.08187935442427947 0.18295927678548624
1 0.23496377481199363 0.4034744113785071 0.18801803846084475 0.14953114057694455
1 0.1913785947043698 0.4227504350298613 0.1646147717116217 0.11620949430041674
1 0.35453141211554656 0.4070377821038197 0.06919526385373889 0.1452047036472223
1 0.20705279052775935 0.3403925299196182 0.182200377997928 0.0916459053945835
1 0.23412255872472443 0.3183908965608683 0.17053513192686945 0.07576633225631957
1 0.32401981265366586 0.30487521684934055 0.13943068114108118 0.07816398043270842
1 0.2892060109582547 0.2611427474345488 0.10054796360606985 0.04760365824437507
1 0.4494157648871962 0.24926360932614616 0.06279971463952716 0.14193423328250002
1 0.42164829156121664 0.44059647093340315 0.14565075599585597 0.178200348023889
1 0.47315513357949934 0.4238460352379517 0.1358391083532208 0.16860714247680572