0 0.8309806053212891 0.8621565824351519 0.17890754448624274 0.2178772025851888
0 0.6868486033441228 0.8586389460850359 0.15467154844057554 0.2356085306460784
0 0.5349041013669564 0.8554396447158918 0.15017504942915885 0.2401050296574952
0 0.3850805149031097 0.8466760928524563 0.16305705140632512 0.24998936562705049
0 0.25118567596780506 0.8255252875289795 0.15049338441013066 0.2479175296574952
0 0.11220408900966676 0.8139723166921833 0.1419805474519924 0.23041169467652328
0 0.8781939145619175 0.3500120681006959 0.16181288638729718 0.2577381986308559
0 0.45324565269891937 0.31098399057127885 0.1551172174139363 0.2465460306460784
0 0.6232066897336075 0.0954352336697871 0.14596771049385407 0.1908704673395742
0 0.9076426981365643 0.11248289319583611 0.14909271049385425 0.21354252965749526
0 0.7624429446765232 0.10589921908818527 0.14622237847863176 0.21179843817637053
0 0.1857093483268448 0.06870623764271032 0.1370436966536896 0.13741247528542064
0 0.2662072036109529 0.5604122820917722 0.1487398834215475 0.2431663626613009
0 0.854960638895936 0.6248502420169725 0.1586878863872972 0.25761086463846716
0 0.555521713002493 0.5932288047920041 0.14347938045579803 0.22891286167271757
0 0.7306185776037791 0.3388092657429687 0.15779654844057553 0.23573586463846716
0 0.2978259822426839 0.29931827319452353 0.15773288144438116 0.23417336463846725
0 0.15568756178644838 0.28711138635011596 0.1463497124710204 0.22279019566510652
0 0.4732557692773719 0.0832250409890207 0.14338653855474384 0.1664500819780414