0 0.8742944366867496 0.6215273888046606 0.2514111266265008 0.3654649074657563
0 0.7749525503210162 0.5210109659143335 0.3358513198027769 0.3588797167185217
0 0.6482070438281944 0.42319284903036064 0.343827461036479 0.36839108441327345
0 0.5212842593321956 0.3152184821463878 0.32151608441327345 0.3430092548679687
0 0.3836285263783242 0.2191537800350674 0.3311092727248761 0.35567289610167074
0 0.2595676891223816 0.14442610998411395 0.31601037824476325 0.2888522199682279
0 0.1073268993480816 0.3732408567377031 0.2075626785690748 0.34726828652459385
0 0.17234001907142818 0.4713550284102143 0.3343706404196279 0.36353994317957133
0 0.3007980300284768 0.5777396217552367 0.35651837580913126 0.37954677272487614
0 0.43849467329077374 0.6761480738665572 0.32464108441327344 0.34306380194586944
0 0.5793708636309713 0.777626978899977 0.3437456404196279 0.3637035844132733
0 0.7017873802700629 0.8512945296313255 0.3313353693163094 0.27913766964062103