0 0.09316234574277829 0.6083646986659476 0.16450413677722248 0.29577060266810484
0 0.25595328647222276 0.6123484345324532 0.21010757750666692 0.3106453301668676
0 0.4220874327487505 0.6255433960886997 0.17384276918604194 0.2946994255988834
0 0.5872403072737853 0.6301855512225109 0.1912484747331252 0.3049751843053107
0 0.7556272845723617 0.6393514320460625 0.1928109747331252 0.3050570714604405
0 0.9110791041499828 0.6458426922228278 0.17784179170003434 0.29691702283992144
0 0.915173017951771 0.3428029014042249 0.16965396409645805 0.33104636137453225
0 0.7687935529053822 0.33125564902937576 0.19775304787138914 0.3162402329258297
0 0.5998798987450698 0.33306821178338886 0.21192465064493077 0.32166471732199753
0 0.09720818721406277 0.3116977385800393 0.18568945896555583 0.3343351356847917
0 0.26708492933027805 0.3176567322484612 0.19012238582729193 0.3236432971501809
0 0.43783384042444473 0.3274810323393182 0.20258601823611144 0.32273589439121897