0 0.8533568168699999 0.2299951523142499 0.23103832655673634 0.32786242134838534
0 0.6482160284010068 0.1811389749157404 0.22936672378319473 0.3231658309893057
0 0.45666496124666656 0.1526771107489474 0.2272950775066669 0.30128174063022606
0 0.2596451440923263 0.12418343032537578 0.22445971181534743 0.24658515027114647
0 0.7627616523573606 0.5638883632830302 0.23743379692145866 0.3341487827847038
0 0.5701208638883676 0.5151049087571575 0.238887194147917 0.32947037314378347
0 0.3695584726458329 0.4709635024358869 0.25462129692145863 0.3342487767345796
0 0.16995916935920102 0.41901414129415604 0.23568945896555588 0.32632719242562414
0 0.10495437804041644 0.7490874606741926 0.20990875608083287 0.33567492134838534
0 0.28468663127145766 0.7939510296614458 0.2562928996950003 0.3389453670936593
0 0.47968935353604103 0.8401851593463328 0.2340542237831947 0.3196296813073345
0 0.6861932734639229 0.8634459182251273 0.23143706363895866 0.2731081635497453