0 0.915373692913646 0.18355955621433445 0.12474934612402819 0.19412573620994644
0 0.7957697077312849 0.17695655205769933 0.11050500816812506 0.1859040592503423
0 0.6579242156150695 0.15811196067490338 0.12500391926229176 0.20506323620994643
0 0.5271827086812154 0.1425969577719095 0.12184255167111128 0.2034098079967011
0 0.396623039703264 0.13489445486891563 0.11377547853284735 0.1922449874635877
0 0.2643735841561806 0.12167773785929907 0.11715505167111129 0.20327341567683305
0 0.14084516517822926 0.11417982343610729 0.12631184612402793 0.19417120031656915
0 0.12873094414791694 0.3316484682632578 0.1201709488975696 0.1986768438900784
0 0.25705596589941 0.34397027500631766 0.12184255167111128 0.2034098079967011
0 0.38618042144649334 0.3570960638026888 0.12474934612402792 0.19412573620994644
0 0.5190474728332642 0.36330426286561673 0.10265614057694457 0.18411423871722893
0 0.6475361487450698 0.38265731960867655 0.12485844889756947 0.19881323620994645
0 0.775933905678924 0.3981041263517365 0.12017094889756966 0.1986768438900784
0 0.9074202950215977 0.4120793613080417 0.1249311840799308 0.20193823620994636
0 0.8992850591736463 0.6327866664017489 0.12155161094166686 0.1909098079967011
0 0.7685617360353825 0.618052913498755 0.12918227298576407 0.18332462852981452
0 0.6326242360353824 0.6140975362225818 0.10599934612402784 0.19358016693047428
0 0.5026276115103477 0.5970427653728991 0.13110844889756965 0.19899509263643722
0 0.37742758975885465 0.5848118868430847 0.1344880220358335 0.21002352084968265
0 0.25288153143822967 0.5671349903665815 0.12485844889756956 0.19881323620994634
0 0.1154178990294102 0.5646966489837857 0.14062891926229182 0.20551787727617316
0 0.11109799420350759 0.7816113643440495 0.1201709488975696 0.19867684389007856
0 0.23313664836382011 0.7921888146606186 0.1299823599917363 0.2176996285298145
0 0.3630969052976743 0.8076810855103013 0.12216985999173628 0.217472307996701
0 0.4882969270491674 0.8199119640401158 0.11708231648875014 0.20014841567683286
0 0.6166946839830215 0.8353587707831756 0.12373235999173637 0.21751777210332363
0 0.754358338143334 0.8463908621659716 0.13466985999173636 0.21783602084968257
0 0.8802850585080563 0.8563007227490974 0.12155161094166686 0.19090980799670101