2 0.5092999555432993 0.3142126625955033 0.23667817038771416 0.2198237933640895
2 0.5451838358175388 0.5831802912555946 0.16062078453190337 0.16271927068745348
2 0.39303267680236414 0.6981705866088663 0.2537928957806083 0.2184612880330894
4 0.8217934933849713 0.41130310188577796 0.3326884913135476 0.3365033107097252
2 0.6216265194398194 0.4675092905792767 0.18656685442427942 0.18332267202418073
2 0.4407382384225727 0.4953813939370029 0.22330487510244393 0.20092834269572588
2 0.29132043527941953 0.48462680195736557 0.19183655128112634 0.195877216024817
2 0.33124342204485324 0.3818739719525931 0.1801713052100678 0.18012494668999893
2 0.19394882154951518 0.5802398413033195 0.18849322745980873 0.19115335335772626
2 0.13536357196379994 0.7316210753103192 0.18649407981717356 0.18176017202418074
2 0.6834309683635809 0.26377521590550435 0.21810795285270287 0.1899362986950896
2 0.6046615355698698 0.6808723565802313 0.22995298138875012 0.17601924936345306