0 0.55703125 0.36328125 0.21328125 0.2109375
0 0.78671875 0.3609375 0.22890625 0.20078125
0 0.77890625 0.5875 0.21328125 0.20546875
0 0.5375 0.61171875 0.2421875 0.21875
0 0.27890625 0.6109375 0.21328125 0.1953125
0 0.2953125 0.3671875 0.1953125 0.22421875
0 0.08203125 0.3578125 0.15390625 0.20546875
0 0.2984375 0.15390625 0.22109375 0.11953125
0 0.53671875 0.16640625 0.22421875 0.140625
0 0.79140625 0.15859375 0.19765625 0.13515625
0 0.08203125 0.15234375 0.1640625 0.11171875
0 0.0625 0.6171875 0.125 0.22421875
0 0.0609375 0.796875 0.121875 0.09375
0 0.2875 0.7984375 0.20078125 0.1015625
0 0.54453125 0.7890625 0.21328125 0.11484375
0 0.95078125 0.58984375 0.0984375 0.2265625