4 0.438135375475701 0.20050327072722451 0.33572523026551765 0.30532603604390707
4 0.14953776703446925 0.376018702020999 0.2990755340689385 0.2848317227084527
4 0.3778597672630245 0.3178265833863612 0.3225885603035737 0.2895555853755435
3 0.15409462720572162 0.5200050593570898 0.30818925441144324 0.29095445337363446
3 0.28280595794803404 0.59810388204168 0.17125687056996625 0.17847154002227156
0 0.7888583452867332 0.743120768777813 0.10082235376405216 0.09800224267981754
0 0.7581786896592453 0.6903952107733587 0.09275518577927463 0.09166133601209019
0 0.6616910088228865 0.7564918307606321 0.17068386760421675 0.16440904002227175
0 0.5749762119023668 0.5827447007479053 0.13678902866891213 0.13746473201781734
0 0.531061727225406 0.509543010741542 0.08456068380210838 0.08219542934436319
0 0.5182474149446659 0.8048464200747691 0.0975700197716634 0.09484088001272672
0 0.8065485695835706 0.8652593981142221 0.052228344866803764 0.05526930267345449
0 0.8522934455907443 0.6633520001193126 0.08774935079830257 0.08379429201145391
0 0.888728352701107 0.7091099427911761 0.1235886917107738 0.12013178134945371
0 0.6557540266173836 0.6720077427593594 0.13985036167271758 0.1359385946849084
0 0.40693984182669213 0.7550907733927245 0.12671369171077376 0.12016814401654478
0 0.6293892088994362 0.988792516709089 0.09027217292769336 0.02241496658182207
0 0.6449160498119072 0.9568567187102026 0.08787668479069169 0.08628656257959477
0 0.854256488099821 0.4617167747851309 0.08293451680591417 0.08061474801081765