0 0.8960677276798261 0.45664379913883657 0.19629965064493077 0.32194913666229363
0 0.7862731939604857 0.5355206860834789 0.31101676728618094 0.35671752076433877
0 0.6442655722852425 0.6203444651638484 0.27446101823611146 0.3280618997458863
0 0.4985335385659022 0.6971282310900383 0.2919758265567364 0.3431254576242765
0 0.35191115207302015 0.7785539943853923 0.2951735617390975 0.3464324681476203
0 0.2116660521492701 0.8440909052193195 0.2855076210096531 0.311818189561361
0 0.10938926453329845 0.585549634102045 0.2187785290665969 0.36797426820408996
0 0.20424194396048573 0.5016212261107151 0.3032042672861808 0.3562624944559795
0 0.35615124249746494 0.4283264812312127 0.31592247283326413 0.36636553654935433
0 0.7861524394951734 0.20459690977511974 0.28707012100965307 0.333477441839261
0 0.6469431627096873 0.27002594674799696 0.3001520024685419 0.3592054839326358
0 0.4979224748300345 0.3536589521508432 0.30963610524208357 0.36443901550266694