2 0.30390625 0.27578125 0.07578125 0.1015625
2 0.49453125 0.27109375 0.09453125 0.1171875
2 0.67421875 0.265625 0.10625 0.12578125
2 0.67421875 0.4734375 0.1140625 0.14296875
2 0.4984375 0.47578125 0.11171875 0.13359375
2 0.3 0.4796875 0.09765625 0.11953125
2 0.3078125 0.6796875 0.10703125 0.14140625
2 0.49375 0.67734375 0.11796875 0.14921875
2 0.68046875 0.67734375 0.11484375 0.1625
2 0.3171875 0.88359375 0.1109375 0.153125
2 0.49765625 0.89140625 0.10078125 0.15859375
2 0.671875 0.88828125 0.09921875 0.16875