0 0.874174303125 0.549426934375 0.810753784375 0.5838022234375 0.783193284375 0.6151864625 0.8837163515625001 0.8355416953124999 0.9112085171875 0.8595405265625 0.9624412984375 0.835497421875 0.97238870625 0.6219225765624999 0.9364960546875001 0.5432427890625 0.874174303125 0.549426934375
0 0.8380917796875 0.84772775 0.729537315625 0.6403667484375 0.6689487234375 0.6503501203125001 0.599596221875 0.692121821875 0.5915648250000001 0.705116053125 0.6678237031250001 0.8722820921875 0.71225138125 0.939071653125 0.8170976484375 0.9037059484375 0.8383599078125 0.8891151687500001 0.8380917796875 0.84772775
0 0.6101585140625 1 0.6254691890624999 0.9936355406249999 0.6453645484375 0.9658484843749999 0.5455739953125 0.72669915625 0.49474995312500003 0.7274875265625 0.4295962765625 0.7580635874999999 0.4256655796875 0.810646646875 0.45922993749999996 0.91482235625 0.5188405281249999 1 0.6101585140625 1
0 0.43759701250000005 1 0.35567869218750003 0.8204279765625 0.30522090468749996 0.8118192984375 0.21880496875 0.8569861390625 0.200642765625 0.888572421875 0.2560964390625 1 0.43759701250000005 1
0 0.19227285153330453 0.658822385193732 0.31190511042013547 0.36484271615168673
0 0.382576827959656 0.5704826138818311 0.303801511991712 0.35836539561857333
0 0.5740623147250897 0.47357182462324154 0.31986315963434714 0.36819503668480014
0 0.767564065758547 0.383760481524586 0.32476898345566474 0.3730189290046682
0 0.6220675909848253 0.13153508880900647 0.30586481803034926 0.23515521615168672
0 0.4292593527716496 0.17286346780103937 0.3102312944567007 0.3289052161516867
0 0.24905812241635675 0.2458510237526764 0.3136131596343471 0.3680131802583094
0 0.10342890694826005 0.3374892913036537 0.2068578138965201 0.3656035826073073