2 0.5278140775927425 0.26386688407063313 0.32338264185764953 0.3239669480426343
2 0.6443402803500871 0.8329992394175415 0.22525136724704353 0.22598288669636232
2 0.20685098904643331 0.7209135786919079 0.28943353919208265 0.28452264003818006
2 0.729918483702664 0.1506327294318591 0.3067119674053279 0.28784763470718
2 0.879492586368231 0.19142245611867634 0.22092758010002492 0.23842834269572594
2 0.35202343355701465 0.5835873960454979 0.32967810596427227 0.32560217337681613
2 0.8802821965556454 0.4633156374522218 0.23943560688870918 0.2903908320337257
2 0.7648105900626477 0.6250969274347227 0.26228000580598765 0.2639010573679075
2 0.40028405496069325 0.9241562100174991 0.2357509465556454 0.15168757996500162
2 0.6010914193712498 0.5544651594127691 0.2300752595669115 0.2307249306969986
2 0.10789666349875497 0.7556874733449994 0.15463733887551348 0.16112040802036276
2 0.6746723572179135 0.31868274809035946 0.2959563238318186 0.2939703653723618
2 0.4041361998543507 0.44205442405313394 0.19139319279472175 0.18966357869190792