0 0.16171875 0.12265625 0.13046875 0.234375
0 0.30234375 0.12890625 0.109375 0.22109375
0 0.446875 0.1265625 0.10703125 0.2109375
0 0.58984375 0.11953125 0.1171875 0.21875
0 0.71875 0.12734375 0.10390625 0.21875
0 0.8515625 0.125 0.09921875 0.203125
0 0.16953125 0.63671875 0.11484375 0.2265625
0 0.57578125 0.634375 0.109375 0.21640625
0 0.4390625 0.87890625 0.10703125 0.2109375
0 0.1640625 0.88046875 0.109375 0.20859375
0 0.303125 0.87265625 0.10703125 0.20859375
0 0.85546875 0.88125 0.1015625 0.1953125
0 0.72890625 0.38046875 0.10390625 0.21328125
0 0.165625 0.3734375 0.11171875 0.2265625
0 0.4515625 0.3765625 0.1015625 0.20078125
0 0.31015625 0.634375 0.11484375 0.20546875
0 0.72421875 0.63046875 0.11484375 0.203125
0 0.859375 0.62890625 0.10390625 0.1953125
0 0.58359375 0.88125 0.10390625 0.20078125