0 0.2338890125 0.2397660984375 0.30008781875 0.2526222484375 0.3386992890625 0.24608474375 0.398277825 0.02308665 0.39499248124999997 0.0022979984375 0.24022875781250003 0.001397609375 0.1853543734375 0.20678840781250002 0.2338890125 0.2397660984375
0 0.487001634375 0.01295886875 0.46297268281250004 0.0109092125 0.4383932453125 0.04158273125 0.3923700078125 0.259838459375 0.44193186406249996 0.2889713578125 0.51682513125 0.299947525 0.5303804328124999 0.29520516093750004 0.57557794375 0.12603419531249999 0.58359418125 0.050035870312499994 0.487001634375 0.01295886875
0 0.6477385531250001 0.0705816078125 0.57638390625 0.3069940625 0.6134176765625 0.337024528125 0.678589265625 0.3537254703125 0.71289038125 0.317327178125 0.75109886875 0.2203097421875 0.761995265625 0.087537065625 0.678682778125 0.062079287500000004 0.6477385531250001 0.0705816078125
0 0.8266163703125 0.136961184375 0.769092265625 0.35226968593749997 0.8002379812499999 0.3890073328125 0.8894385234375 0.4077579296875 0.9214099656249999 0.39541081562499997 0.9753756890625 0.1627583171875 0.970038115625 0.13674232343749998 0.856056646875 0.1034252765625 0.8266163703125 0.136961184375
0 0.7901406156694522 0.5694980138487643 0.23536039610167075 0.3263362827847038
0 0.6003610953769126 0.5199514900410509 0.22746607548481954 0.3216033309893057
0 0.4042224809285718 0.47661860479701906 0.24320016964062105 0.3279442345801019
0 0.21212648417498273 0.42549594545068625 0.24637971671852182 0.33108741529826113
0 0.12768370576806368 0.7422243823171655 0.23832175486796867 0.316979463502863
0 0.3189575422132273 0.7956862464839586 0.23678652840691905 0.3185328731437833
0 0.5041177463531425 0.8394539063212708 0.23689562256272048 0.3210921873574585
0 0.7044080726520365 0.8681470537637468 0.24685127516050825 0.2637058924725064