3 0.7232145466675682 0.6337399835882952 0.22805463636243814 0.18285717313564334
4 0.656376279624735 0.25302818612803313 0.2652546274339844 0.1669792019915838
4 0.6404803185849609 0.37240566870483793 0.26673530681713337 0.16234626569391467
4 0.8041315357105197 0.5222543573647599 0.28540348620028233 0.15831353012188493
4 0.5839065848170153 0.6245336530957413 0.09170803327818292 0.15467263103285872
4 0.9447081225627205 0.6640822148991556 0.11058375487455904 0.10425596878180662
0 0.22667473741480298 0.5807241772271764 0.11438187418757347 0.11174108656782167
0 0.44092637783772615 0.44972960445435295 0.0666068474022122 0.058541675497895976
0 0.1773002544609316 0.4839508701482675 0.058903441558013636 0.0645188569862416
0 0.12706447523993838 0.5169741904740204 0.06679776217486463 0.06947917549789598
0 0.07724966152294621 0.43975941524627693 0.07461026217486463 0.06975199400955016
0 0.04395769480112919 0.5925768803998867 0.057177300324311564 0.05508929328391084
0 0.2656672792176979 0.44099698911540874 0.07970686525911974 0.09335318511654282
0 0.29869183359919926 0.675925060622288 0.06685230925276535 0.07260417549789597
0 0.39856514853400743 0.7099602655242785 0.058739800324311545 0.0551438569862416
0 0.13163674715403564 0.734134408622855 0.06816934740221225 0.05859623920022692
0 0.11079814163414856 0.7942733004554869 0.06041139448011292 0.06144842068857255
0 0.22041150608578466 0.2666889590783419 0.05087275324641087 0.051746038474587405
0 0.3619752633893853 0.49469985327322663 0.11629893019392785 0.13210815027015244
0 0.26157584293469005 0.5200942120735668 0.11408186525911974 0.09455358656782167
0 0.16800530072805336 0.3545089068087564 0.12948867694751698 0.08259922359113023