4 0.2592136656247951 0.9240206878796527 0.21951887023308556 0.15195862424069445
4 0.4148411614484438 0.815778962099688 0.2557143197775986 0.2588710794065279
4 0.7331075557281466 0.6355342965402089 0.20638395317271013 0.18746755167111112
4 0.5440624138955146 0.6530270018029519 0.2132887176006804 0.2063630220358334
4 0.24011895836055172 0.6694091891139239 0.19188494355406327 0.1746402433504862
4 0.07845853898033255 0.7148457096311459 0.1569170779606651 0.16926175911805572
4 0.42808772823081764 0.5260079472820489 0.17782244355406326 0.17431293502986128
4 0.38830348721649227 0.6353277426848962 0.16822918874473985 0.16784472948277784
4 0.5685986555428121 0.42059636151034774 0.16332343393541643 0.16148562670923622
4 0.8697023424734533 0.3064124538346535 0.17113593393541643 0.16166746466513898
4 0.8921279247801056 0.40310626908913266 0.17878474282842377 0.1571618026210419