2 0.5490542774980808 0.8500002808123053 0.13914389081820958 0.139801949062928
2 0.7056959216260592 0.7289472979010642 0.16530828453190338 0.16552937476889085
2 0.8541440760931198 0.6162380124033984 0.18166103060296174 0.18160901583511765
2 0.705404707400817 0.43792749280735704 0.20135710049533806 0.20246708511458986
2 0.563242940237309 0.5515998847315137 0.19154545285270289 0.1928193004748536
2 0.4005696199306482 0.6771585112162641 0.1702141083532208 0.1703532670887588
2 0.26287691314900385 0.5015099903665815 0.1932535020669146 0.19598976458147632
2 0.4141225818840882 0.381860383082161 0.20953347353086738 0.21050690564770314
2 0.5644778387085138 0.2598442937444291 0.21622012117350237 0.22006376207419392
2 0.12496588254604199 0.321173969516899 0.20633569892376147 0.20885347743445778
2 0.26349322745980874 0.19647314937949703 0.20150264970954979 0.20559208511458982
2 0.407236765301481 0.10001098950865173 0.20509853060296196 0.18229097743445782