0 0.6558928136175128 0.3273190833269968 0.38802087748947967 0.33031577653818783
3 0.7780802606301371 0.7189510296614458 0.4135020602437699 0.5620979406771085
0 0.8871477257837469 0.6865496793434172 0.19023814191744998 0.3479113009350764
0 0.1707961057202973 0.1885317557555366 0.30037703375008196 0.3704226260706497
0 0.27074154201796646 0.19067603873663214 0.2803175048941414 0.33281354176169425
0 0.38353915318055937 0.24993793012898405 0.3298462789407585 0.36434534289316234
3 0.1342695732785687 0.4430556292921035 0.2685391465571374 0.2921339996072165
3 0.21186252750517814 0.5341533279642436 0.31238596042910427 0.35643284894328653
3 0.3570931819516819 0.537342481358648 0.4300695121505356 0.505524854797019
3 0.49940467832348484 0.6241253847530525 0.4122818114248961 0.48823736084714325
3 0.6088590346767543 0.6896190954272452 0.40307050253188875 0.4928703186926654
3 0.7172171717000628 0.6746213302037388 0.44620543283910796 0.5649816680287355