2 0.529565732543539 0.7809699547703829 0.28645924593951494 0.3131771879233554
2 0.07266948132901833 0.31758364767057934 0.13753873051823945 0.18829229534115868
2 0.32542410876300265 0.48849809249133963 0.32439562256272036 0.3401424796464694
2 0.17643540949435133 0.3597069499091429 0.2765933222384088 0.28456086499257677
2 0.6825138599808186 0.46584400101605283 0.3104149431795715 0.34409299525030157
2 0.8452128857535299 0.6001005715719822 0.30957422849294 0.34573738240543134
2 0.8780538254815244 0.8468460967867528 0.2169728603878557 0.2673866530976462
2 0.9055813928552598 0.7276766949323019 0.18883721428948022 0.2713371687014785
2 0.7367254419584601 0.8658894301214393 0.29583424593951513 0.2682211397571216
2 0.6596566071381496 0.721442225801282 0.26721832223840886 0.28406954206179835
2 0.3269364212654741 0.1279700282669884 0.2114398806803953 0.218703491632257
2 0.5587239837646504 0.2603199400710619 0.22920012499835246 0.25241675033868427
2 0.44588879301741563 0.32465467774659007 0.17821827759614006 0.19354636137453224
2 0.548924064120734 0.41435234283002387 0.19260806006354408 0.21303334577069996