2 0.06190765195328649 0.5902437257995032 0.12381530390657298 0.2398624515990065
2 0.7381542517158597 0.3309122368195971 0.21531407759274224 0.2590215177575891
2 0.6612387475592245 0.450016239942855 0.2045584340192331 0.2652078852440319
2 0.5464822626029193 0.5806208244482022 0.18358069279472175 0.18853630093507637
2 0.500020102732074 0.4318878877781146 0.19805236975432586 0.20268061416679295
2 0.341715857746639 0.47472430669061305 0.18596154671392995 0.21667039129415605
2 0.14861907561418533 0.50485619252382 0.20815479546028878 0.22773515632127075
2 0.20609294332344713 0.5973936713483854 0.18908654671392996 0.21668857201231528
2 0.3589906227903338 0.6060970265381879 0.17651233887551349 0.16037493949875792
2 0.8774775129986307 0.43017695949584234 0.23022367524374446 0.34190674063022614
2 0.4584617738856904 0.678562899878363 0.232286280416594 0.35910333098930564