0 0.5515823804847046 0.29455605942108753 0.7437897609694092 0.587021336253863
0 0.20704123991801698 0.5159436834486337 0.23145836424263583 0.23098742134838535
0 0.544744658877309 0.8592452733167342 0.28460321161023056 0.27659990319801286
0 0.8377331568935744 0.5548406162098964 0.32453368621285106 0.4488294272021179
0 0.7309872045234724 0.7572247519449076 0.26708832939624544 0.267124909248137
0 0.7299579617798667 0.9267408037637468 0.20367561542376222 0.14651839247250642
0 0.3593180795658815 0.9162158733401752 0.2543303798517324 0.1675682533196497
0 0.35615089563046504 0.7597305657657993 0.23247522721932726 0.21537151170746488
0 0.5574628805695226 0.6195242431643089 0.2888542019915839 0.2641271742752515
0 0.18015882530471225 0.7079357407284219 0.22756947241000383 0.20909424063022614
0 0.06572924835553749 0.607290325233769 0.09468256134007816 0.1614556504675381
0 0.07864093220613591 0.44021190954272454 0.13578376569391465 0.26479881908544906
0 0.15679815934064517 0.32975165339440443 0.23156749164729754 0.23411242134838534