3 0.5517657738191835 0.22404318606429716 0.14456365690134448 0.1931088054894186
3 0.25938909105359154 0.4907687186589692 0.2499163981258558 0.27267193652651545
3 0.20484164654301015 0.3500013146606187 0.16689329796757119 0.2093703029821361
3 0.5053357400373771 0.3954946372387961 0.17760347743445787 0.20187605172849493
3 0.7676384778966763 0.1411865366182931 0.2505863363682311 0.18838786473976094
3 0.3568240321989606 0.4474710112162641 0.2646775801000249 0.24343907759274241
3 0.6680390138565606 0.6082172607540457 0.24990437476889085 0.16495036473976085
3 0.4935461645562058 0.8275486192921073 0.1940348079967011 0.12273412100796718
3 0.0877547496042886 0.4151823822907382 0.1755094992085772 0.22098976458147637
3 0.059030356030779316 0.37215379631821854 0.11806071206155863 0.15993259263643714
3 0.10219768283209889 0.505480773356965 0.20439536566419778 0.23908654671392998
3 0.477283633215175 0.553406425639456 0.12490437476889085 0.16131323620994636
3 0.3988477108079174 0.29309339977520843 0.16831940564770323 0.20472826708875883
3 0.7279632463055833 0.4567062365391508 0.14648986975432585 0.20565426959604133
3 0.7077142454476535 0.292697560833188 0.15839883636823107 0.1857054824490227