3 0.24357037603436202 0.2601264724198929 0.26112259739017923 0.4262061134861197
3 0.30791468670431643 0.28620925079142284 0.33201690006363344 0.47825199828414033
3 0.45622546471195247 0.3467556088672662 0.3685725654041786 0.532422672736462
3 0.5983135147199066 0.4094638605166188 0.38775891740926927 0.5704682420159342
4 0.7343504647119524 0.35484821984610343 0.266590800047725 0.3592004699126104
4 0.7009856234086329 0.5748962953937818 0.19996582670272556 0.2713534774344577
3 0.3444361787475872 0.6059139970304992 0.17769083736472577 0.2363419799417404
3 0.41688389075426874 0.6572240959351425 0.15725106802990768 0.22481344655564542
3 0.5306833087603138 0.7050514936652869 0.20472605203690755 0.27773986975432585
3 0.17332370007158762 0.5322084094086269 0.12363858935390812 0.15510870031656906
3 0.2786197274029059 0.5204334866056579 0.2095953653723618 0.2935012620741938
3 0.3092901140992682 0.7400018405248662 0.16956925469445333 0.20955215940862698
3 0.400996356102768 0.7684427407622929 0.1683340186982712 0.23763169530200426
3 0.5431025874442676 0.8327134924116455 0.2521283107097254 0.3244162929530063
3 0.2413117260900413 0.6700781339400909 0.13960903469127164 0.18525084138279588