1 0.37201947169497707 0.5207561515575752 0.21247858260730723 0.220063762074194
1 0.6482854211536164 0.22780280727178526 0.16066001834239999 0.15610891066226812
1 0.53747595328607 0.19980349089530697 0.15280205423577725 0.15431909012915473
1 0.3573719499873647 0.4876170426238019 0.18344430047485377 0.18799540815498564
1 0.4874422317241069 0.6048236115075627 0.19612615690134447 0.19460912100796718
1 0.49912622631383063 0.7129854524946472 0.18477947994174038 0.18022837226160818
1 0.5043054712992656 0.6691217922280905 0.18473401583511767 0.17866587226160835
1 0.7516685531151501 0.7524725351684616 0.23816054420664745 0.24422868778015677
1 0.6933164955141604 0.7190439212201234 0.2235524749271754 0.22506951082055265
1 0.6653111674591997 0.6620952392459543 0.18813180047485362 0.18813180047485362
1 0.7029378849310346 0.8444387263138307 0.18183633636823088 0.18638744404836283
1 0.8426057901830264 0.7927589028777233 0.11921666442319179 0.12680184389007837
1 0.8995437634608493 0.7138239091459295 0.12560305674305994 0.13167120031656906
1 0.8494073711409811 0.7199662605578553 0.18679662100796718 0.19589883636823088
1 0.7681610343105316 0.5880690543687914 0.24592758010002475 0.24289350831327017
1 0.7871323431651626 0.6335717709826966 0.20412051332783515 0.2010864415410804
1 0.6783603999082224 0.5087201866595296 0.14972251834239997 0.15579066191590946
1 0.8307663343896741 0.5558044721571955 0.20081365690134448 0.19474551332783516
1 0.8263659908953069 0.5192448465303748 0.18151808762187222 0.1754499440483631
1 0.7699090539065729 0.44751225052872545 0.15905205423577745 0.15450094655564542
1 0.8249148026529317 0.4349835067969316 0.10920516693047447 0.10465405925034225
1 0.7159610029695008 0.3163819224737646 0.14168269780928675 0.14775084138279587
1 0.6070764332943173 0.4904990355641729 0.23163775956691132 0.23467183135366607
1 0.5804062847062431 0.4413173894833812 0.21716608260730724 0.220200154394062