2 0.29633188529402804 0.3059761815119506 0.09137402286549072 0.11348348997087018
2 0.4876190842055689 0.28578701662654044 0.11228672359113005 0.13126202335696496
2 0.6680233468194406 0.26684210299477146 0.12516866950744615 0.14256323620994643
2 0.6980184147829407 0.47765758254080026 0.13514387023308566 0.1600235208496826
2 0.5206300247644073 0.4935684243858146 0.13169148801910033 0.15055759263643723
2 0.322284294001701 0.5127717507914229 0.11552085099579186 0.13447795157021042
2 0.357420729751216 0.7143713547106311 0.1288393065307547 0.1582791644231918
2 0.544938087918584 0.6979747795586642 0.14166668874473984 0.16801787727617318
2 0.7317560416394484 0.683899222353386 0.1405406983633867 0.18047241316955046
2 0.3958185747565581 0.9176458042357772 0.1339087524470707 0.16470839152844546
2 0.5790303788402421 0.9137443916597938 0.12469744355406327 0.17251121668041236
2 0.7540750188587755 0.8983936313663013 0.12507938947037917 0.18470527210332363