0 0.8935877934310239 0.802219621159758 0.16085672852997773 0.2602529976377472
0 0.749006546456086 0.8158605136253619 0.13732832493918146 0.24380954210278452
0 0.6004645073266704 0.8390128153467934 0.1341396924256241 0.2327629146981227
0 0.45424349229955585 0.8659895215147284 0.14512264422102222 0.2409573606144388
0 0.31985031158139654 0.8738069999151821 0.1325862827847038 0.23427085099579195
0 0.18462133870875963 0.891026760166801 0.12462833703942992 0.20899803248413767
0 0.833369994440855 0.2778669511041576 0.14361468637549998 0.25027779691210783
0 0.4166955788480064 0.3385019277753306 0.13730105386194272 0.23912204210278443
0 0.5361369670189045 0.09176088094804077 0.1308510659621911 0.18352176189608155
0 0.813562530250621 0.07289677514292545 0.135374939498758 0.1457935502858509
0 0.6720926477370638 0.08626235989664854 0.13081470452587246 0.1725247197932971
0 0.10467788876007325 0.13225445009266723 0.12618174668035026 0.20749009618646844
0 0.28461329011137426 0.6204017469199571 0.13102378278470378 0.234216287293461
0 0.8646189526791609 0.5454711133552096 0.14048059601642038 0.24860616950744613
0 0.569919531036188 0.5846626212445759 0.12626355991206673 0.22155259618646853
0 0.6895200004909794 0.30007431171859633 0.14036242134838534 0.22829366950744615
0 0.26423819935951115 0.3633531387525891 0.1403442406302261 0.22516866950744613
0 0.12586150058917517 0.38458827640886983 0.12936128883482803 0.21697422359113014
0 0.387663105582586 0.0986358908831737 0.12931583703942984 0.1972717817663474