3 0.690625 0.3171875 0.20859375 0.15
4 0.678125 0.70390625 0.24921875 0.128125
4 0.6453125 0.58828125 0.2515625 0.1234375
4 0.7859375 0.41484375 0.27109375 0.115625
4 0.5546875 0.34765625 0.07265625 0.14375
4 0.92734375 0.2484375 0.14453125 0.08359375
0 0.2078125 0.446875 0.1015625 0.09609375
0 0.4375 0.54296875 0.059375 0.05
0 0.17265625 0.55078125 0.05078125 0.05625
0 0.11796875 0.52578125 0.059375 0.0609375
0 0.0796875 0.61015625 0.0671875 0.06015625
0 0.02578125 0.4640625 0.05078125 0.04765625
0 0.265625 0.57890625 0.06796875 0.0828125
0 0.265625 0.34140625 0.05859375 0.06328125
0 0.359375 0.2921875 0.053125 0.04765625
0 0.09296875 0.31015625 0.0609375 0.04921875
0 0.06328125 0.25390625 0.05390625 0.053125
0 0.2453125 0.75859375 0.04453125 0.0453125
0 0.353125 0.5109375 0.1 0.11640625
0 0.25078125 0.5015625 0.10390625 0.078125
0 0.18125 0.6796875 0.12109375 0.06328125