2 0.29038714608869964 0.3961457913849943 0.2561968475797222 0.24601193756361345
2 0.4872234452750456 0.5834473508261558 0.17627697421940242 0.17927581614940175
2 0.6734342622129302 0.5122196476534457 0.26869684757972223 0.24644844718226042
4 0.18223933203369053 0.7416071135248457 0.36447866406738105 0.3638938967267734
2 0.3483247195853051 0.5851785203336021 0.20242339439121898 0.20202383538669527
2 0.47999520070211243 0.438653205998299 0.2395073145630356 0.22515380054030487
2 0.5606797139310955 0.29780746198874875 0.20924660447712728 0.21317959019601868
2 0.45351898914586614 0.2742558893007433 0.19757212008095948 0.19873514427970268
2 0.697309932723431 0.26496270173712977 0.20595783016686758 0.20994546279135698
2 0.8560774231124926 0.30074889039705155 0.2023415072360894 0.20046133538669525
2 0.14415619798857898 0.5229042427436058 0.23276599163225695 0.21556054573098143
2 0.5313685136832682 0.6934200623515684 0.2416496687014785 0.20651292794496676