0 0.10640248970597196 0.7423084565755473 0.21280497941194393 0.3021467012972462
0 0.26693442950461116 0.6956947349857616 0.25002980416850196 0.31823535145940196
0 0.42899048540239376 0.6608543104738767 0.2134921034428626 0.30042056006354406
0 0.588221641662996 0.6174746830398922 0.23106154935917864 0.31165806899199777
0 0.7520311705189366 0.5771382349890569 0.2342411130615094 0.3132751160698987
0 0.889278199374877 0.5372654371003773 0.19328873084752446 0.3031910040571898
0 0.8439310161572507 0.2483898977331144 0.2491766322988031 0.3385205779204517
0 0.6825198010036411 0.28712293547552425 0.2393105589778255 0.3242944366867496
0 0.5215078899337154 0.33677983644845894 0.251974250084818 0.3292001249983524
0 0.07533976198089956 0.4595329127440575 0.15067952396179912 0.337184174511885
0 0.19930301851950352 0.41891977516380347 0.233224250084818 0.3288728425309483
0 0.36623754737544406 0.3785287800350674 0.24572425008481807 0.3290910308425509