4 0.11512939206713328 0.497076981382639 0.22298625071608863 0.36915396276527795
4 0.211369140077951 0.578982904444653 0.28853852538190694 0.3644314015948613
4 0.35586457475331423 0.6463912228332642 0.2588146627148159 0.3606154173624308
4 0.48774183076063204 0.7033523504924309 0.24133626137808886 0.33521537385944455
4 0.625378738104677 0.7854407647207297 0.26028625604708877 0.3528392849536113
4 0.791721900779722 0.8402314886008335 0.2929533053787253 0.31953702279833285
4 0.1702970553787252 0.3382481484607293 0.1787078973583625 0.18848453780340294
4 0.30294647071927033 0.39444620991548635 0.19140789202736244 0.20596297853284734
4 0.4356595207272244 0.4561130213702434 0.1628465400222716 0.16780836189159737
4 0.577765752068724 0.5195605383720838 0.18315904002227157 0.16828114057694457
4 0.7107697034134054 0.6062273498268409 0.1928613040260899 0.19662434612402785
4 0.8528486627545868 0.6673311168286812 0.16141130935708964 0.1787094943004167