0 0.12859949701622825 0.36532743941324874 0.2348116996611816 0.36622012117350244
0 0.22974403903901588 0.44757055107623855 0.3494202312312127 0.38090766749223004
0 0.37031510210849083 0.5342442975615819 0.35630726806291557 0.3921362659206535
0 0.5115687046405049 0.6326367940469252 0.3328851786144942 0.3645549214211716
0 0.6629862624483079 0.7172386182825276 0.3430792259695409 0.37905406906380656
0 0.8094888071019314 0.7981525163394474 0.3443841207361039 0.3479496182780185
0 0.9112846524473092 0.5307380763070262 0.17743069510538162 0.37962764970954976
0 0.838150989335482 0.4372470955374485 0.32369802132903597 0.38595904052775937
0 0.7069520101704079 0.34230708478408156 0.3693532996329466 0.4020934627775004
0 0.5553979444700969 0.2553615105484792 0.33757267861449414 0.364773245242489
0 0.3990198708772782 0.17924439019903707 0.35741474175455634 0.35848878039807414
0 0.2723061814570916 0.12543233953708327 0.3133623629141833 0.25086467907416654