0 0.6616759026088376 0.667889541172519 0.36758851756119737 0.33962714402463057
3 0.24537873691779294 0.6842169604778009 0.4640645835233885 0.5401816559284871
0 0.22042016441449835 0.8243914668225127 0.31454533079291397 0.3512170663549746
0 0.8948403222087069 0.2716104805730811 0.2103193555825861 0.3215396984757485
0 0.8841300811856975 0.3481093480595238 0.231739837628605 0.3185419635028631
0 0.8197055294650542 0.43756675779864007 0.32704533079291415 0.3534532946885605
3 0.7149079033944045 0.1494667940993853 0.26570785499341093 0.28434877068445535
3 0.6050152738077134 0.19413842378427226 0.3129282886384363 0.3439964814568439
3 0.5565782946885605 0.3282270774732643 0.4324964209556018 0.4853123487468949
3 0.43064757464459397 0.43608450838781526 0.41520892700572604 0.46802485479701905
3 0.33581231849627385 0.5175612464839585 0.4089680173648057 0.4695509933607006
3 0.315332167734148 0.6229072766363837 0.45622481244614965 0.5354487041330891