4 0.68046875 0.69609375 0.26015625 0.1359375
4 0.78203125 0.409375 0.26875 0.10390625
4 0.65234375 0.58359375 0.26796875 0.11015625
3 0.6875 0.32109375 0.21171875 0.15703125
3 0.92265625 0.2515625 0.1546875 0.06171875
3 0.553125 0.3421875 0.06953125 0.146875
0 0.12109375 0.53203125 0.0578125 0.0640625
0 0.17265625 0.55 0.0515625 0.06171875
0 0.2 0.4515625 0.109375 0.096875
0 0.3625 0.51875 0.0703125 0.09921875
0 0.43515625 0.5421875 0.0515625 0.0515625
0 0.26953125 0.3375 0.06171875 0.05703125
0 0.02421875 0.46328125 0.04765625 0.046875
0 0.125 0.621875 0.05625 0.0484375
0 0.071875 0.6125 0.0734375 0.0765625
0 0.25390625 0.5046875 0.0859375 0.08515625
0 0.37578125 0.3078125 0.0859375 0.0671875
0 0.06640625 0.2546875 0.0578125 0.05546875
0 0.09375 0.3078125 0.05234375 0.05625
0 0.2421875 0.7578125 0.05078125 0.04921875