4 0.26325336958138307 0.1853044934412793 0.3327567391627661 0.3604549796464694
4 0.4107305474519924 0.24604499886834624 0.3112637411399325 0.36868355947465287
4 0.5497240632693232 0.32816918136463463 0.28600907315515495 0.36112336499257686
4 0.6721521615961679 0.4055272987320607 0.26467790121604473 0.33505883197589004
4 0.8175720909496521 0.47317622342643295 0.28575440517037726 0.3548733649925769
4 0.9064449540680635 0.5705635577771722 0.18711009186387315 0.348063443011738
4 0.20512648767989136 0.3467499265033946 0.1872638725471326 0.19535452283992144
4 0.32686883650102777 0.4264108502932557 0.20202670950527085 0.21327900723608922
4 0.45463835083548376 0.500930572703636 0.17087486859279988 0.17578565128862386
4 0.5881631166528146 0.5827681501569701 0.18812603558899427 0.17824890999505136
4 0.734109628021521 0.6442080184289074 0.20164470752810448 0.20390400723608923
4 0.8669804778312408 0.7291296523046767 0.16963070357377177 0.18351626413349428