0 0.32056472127872637 0.5333814233463544 0.6222953968776099 0.7073878466927088
0 0.6213271183834788 0.8080236263279866 0.2352292503386842 0.23020056553881965
0 0.8462497167561706 0.424670838143334 0.28612336499257685 0.27820296086541696
0 0.45744508706427267 0.18231249866881982 0.4617651741285453 0.3540783958952781
0 0.6958735012431954 0.26511138734590334 0.2714876549066686 0.26693815254479186
0 0.8725687980546921 0.2270879765360771 0.20990834577069997 0.1937175516711113
0 0.9719679324962884 0.3935507375539939 0.05606413500742313 0.20007404160312509
0 0.9331754274079056 0.5784881287965286 0.13364914518418872 0.25519925911805574
0 0.807430635457649 0.6219627590211465 0.22996854025277608 0.21915396276527802
0 0.6169240649017198 0.45600718464861156 0.28579581637205786 0.271952960865417
0 0.810433883987311 0.7983797886564242 0.22495349163225703 0.2127948599917362
0 0.7548909701470725 0.9355076210096531 0.1512836182719372 0.12898475798069384
0 0.6043963251900267 0.9385215586049653 0.2710229081860289 0.12295688279006925
0 0.45938371833805025 0.8867125975489237 0.23531113749381408 0.22657480490215248