2 0.34375 0.678125 0.159375 0.24765625
2 0.6203125 0.23515625 0.12109375 0.1625
2 0.84765625 0.5703125 0.18125 0.1796875
2 0.12421875 0.63984375 0.16875 0.22890625
2 0.03359375 0.51796875 0.0671875 0.27421875
2 0.66328125 0.57421875 0.2 0.21328125
2 0.21015625 0.3203125 0.14609375 0.2203125
2 0.4078125 0.3 0.13359375 0.19765625
2 0.86875 0.29296875 0.14375 0.153125
2 0.47578125 0.44375 0.11875 0.1703125
2 0.9609375 0.6109375 0.078125 0.159375
2 0.278125 0.55390625 0.16875 0.2015625
2 0.5390625 0.63515625 0.11484375 0.125