0 0.5110017521780781 0.6421875 0.31516096489804557 0.30625
0 0.3178247505287254 0.78359375 0.3214109648980455 0.30625
0 0.19223503180324925 0.5890625 0.31189957257817746 0.3015625
0 0.38377297710525343 0.4234375 0.3439679264973858 0.3296875
0 0.6047483698208328 0.26640625 0.3053767879384413 0.2921875
0 0.7321135372135256 0.48046875 0.3073484648980454 0.30625
0 0.891864273423472 0.36015625 0.2028140775927425 0.2578125
0 0.8534703970052286 0.659375 0.2615071159934022 0.234375
0 0.644091733835678 0.79375 0.2792401852728744 0.253125
0 0.4318608553058635 0.91875 0.2531657670887588 0.1625
0 0.9609683114284204 0.5359375 0.05223976458147632 0.184375
0 0.7804196227238267 0.1359375 0.23388222116625174 0.2515625
0 0.6734231281341031 0.02734375 0.14690374373179385 0.0546875
0 0.48801917405661027 0.11640625 0.2356887620741938 0.20625
0 0.2754784069678514 0.27890625 0.2534218313536661 0.225
0 0.07846701464798338 0.68671875 0.15693402929596675 0.2390625