4 0.3374817101093048 0.9238868403656528 0.20588893692972227 0.12821069892376116
4 0.459704161856666 0.8026945829220548 0.2574540497712502 0.26484171174404303
4 0.7409041829425689 0.5570373647678709 0.1997857137152085 0.2012843258882322
4 0.5592534862292009 0.6162240818885975 0.2126130220358334 0.2159290227450789
4 0.2638669446260758 0.7002182080244986 0.1869584053945835 0.18663962903138528
4 0.11773552061413128 0.7756998591817904 0.15200152393569458 0.16003858767505647
4 0.42413556345152725 0.5202844973139129 0.17743793502986124 0.1799529813887503
4 0.4043295968865272 0.6335850179920772 0.16947996466513898 0.1733391083532208
4 0.545086455928333 0.38666501447742063 0.1630844943004167 0.16679800992479743
4 0.8302459719802429 0.20559683519836627 0.18855727298576416 0.18827490363849117
4 0.8585326665094094 0.2979277303598021 0.17096972948277803 0.17028688296032674