4 0.5966417125636866 0.7726861915824659 0.2993658426957261 0.22097234232430588
4 0.7901484539306395 0.5294667877064937 0.29747607869190806 0.1928109747331252
4 0.6073984939131403 0.6541543971295491 0.2975488040260895 0.1990609747331252
3 0.7266501226130024 0.41233253267250064 0.2588135680299075 0.22627678495361128
3 0.9430291006126843 0.41971319405100777 0.10594201201463563 0.11024912860909737
3 0.5901859112826386 0.3872753684442019 0.11598972135581712 0.16827983415618064
0 0.10916263060950264 0.42374858415618066 0.07750792934436311 0.08303201196784737
0 0.15251264127150285 0.45914187670923623 0.06964088534372684 0.07816267401194459
0 0.21134329595004778 0.37298747758291684 0.13900905068427194 0.132887848023889
0 0.3466984459341394 0.49335714181121554 0.10138178134945379 0.12107752583555573
0 0.4094433465945488 0.5409237792540281 0.06638861600890866 0.06715243882958326
0 0.31628588196213814 0.2863434223964239 0.07899770401018139 0.07681837955902786
0 0.04468305462286565 0.32378364532659726 0.04596702800763601 0.057304660144236144
0 0.08234504459741228 0.5122110189017015 0.07107611600890866 0.06726154160312507
0 0.04200404463718317 0.4846302263486459 0.08400808927436634 0.1005104526972918
0 0.2472620672740482 0.44259211597565995 0.11222837468172656 0.1135195989738195
0 0.42873133796150176 0.29364938896142395 0.10576019867918127 0.09462412860909737
0 0.14688299598186447 0.13704867116215289 0.07427384134309048 0.07358427678548614
0 0.15555801464036484 0.19742312670923626 0.06956816000954502 0.0719126740119445
0 0.15224736990773152 0.683415178096007 0.06480793467536321 0.06555357123840296