0 0.69921875 0.6078125 0.1796875 0.36171875
0 0.90078125 0.60703125 0.17734375 0.34375
0 0.50390625 0.615625 0.18984375 0.33046875
0 0.30625 0.615625 0.18515625 0.3359375
0 0.10703125 0.61171875 0.19765625 0.33359375
0 0.2953125 0.38125 0.15859375 0.08046875
0 0.5 0.37890625 0.18203125 0.0859375
0 0.68984375 0.38515625 0.15078125 0.0625
0 0.88671875 0.38046875 0.1796875 0.07265625
0 0.1109375 0.3921875 0.1796875 0.07578125
0 0.6875 0.29453125 0.15078125 0.078125
0 0.86953125 0.2984375 0.16171875 0.0703125