2 0.6849925920101172 0.26503233310926055 0.3209772212288774 0.29835817676384024
2 0.46605410825218596 0.31903031922944447 0.31819945081045736 0.3528819856568478
2 0.2798289207733905 0.3936781112474109 0.37515877894075855 0.37515877894075855
2 0.16909975189891654 0.37342512023308555 0.32117562867060606 0.2593502404661711
2 0.8381969483633867 0.20561767149118074 0.19848217313564334 0.2316567716843644
2 0.7243304328391081 0.587108229751216 0.260620074586922 0.2681597560752678
2 0.5661285524392214 0.6151364821134686 0.2773363486335391 0.2999553930985762
2 0.38875008610448547 0.6526389381965857 0.2843502404661712 0.3220486479078998
2 0.6537128540758348 0.44184780425332004 0.33429567676384037 0.3222321863824872
2 0.8422024352013608 0.43204376223535357 0.2842411130615094 0.3189236479078998
2 0.8939930805773718 0.5247421829239262 0.21201383884525632 0.2516071731356433
2 0.3074604244864056 0.8050794027172232 0.26563495680090715 0.27769844718226044
2 0.1914956293883963 0.7019320661494015 0.303571466419554 0.291507976038201
2 0.10375254881102443 0.513157253628197 0.18306055897782544 0.3263145072563941
2 0.1956151557972661 0.5741071665122213 0.3120932945498552 0.31209329454985524
2 0.4247991695922642 0.47833090815951884 0.3600050048941414 0.3434177056197808