0 0.6771071598980931 0.6926964280852743 0.29184794967239325 0.44302846223361475
0 0.8747035397710047 0.7510798954072717 0.2505929204579906 0.41828076775153883
0 0.46932588757695876 0.6388776300305821 0.2944547524323367 0.41350473654387443
0 0.25981847402212244 0.5756019448207603 0.28982179951023734 0.4163840750784852
0 0.10190083400623635 0.5165910357302202 0.1927286111986347 0.3988070714604405
0 0.30546834455954314 0.32900358378491235 0.19127165665497756 0.13647084577069996
0 0.5227609845754293 0.391126204770383 0.21646257142762976 0.14871854025277606
0 0.7221803319776414 0.45777587347186144 0.17685460064862327 0.11542136137453234
0 0.912906923294069 0.5140645742855157 0.17418615341186197 0.13293640999505135
0 0.125907529624735 0.28212750452255575 0.17233074188232517 0.12455069990914289
0 0.7415967593321955 0.3627876000661131 0.1818148360381265 0.13129202283992142
0 0.9191745142034595 0.4238080664835994 0.16165097159308103 0.12594942559888342