3 0.7004561641048069 0.8170752519955513 0.09756470258518864 0.1755908051769673
3 0.33442530440925566 0.6710530365493542 0.19335204646340926 0.23105112087727822
3 0.34506566855343124 0.81741980233437 0.11988537155854946 0.18780237884037304
3 0.5879177189339921 0.6756851415710298 0.13337486859279987 0.17455892619541977
3 0.9050137411399325 0.819060499152954 0.18997251772013507 0.1346157366340588
3 0.43761397140545 0.6786218838196963 0.22294670456235507 0.19224622611071512
3 0.6409804160447923 0.42858960466873963 0.2318813527754692 0.10547426820408994
3 0.3974784723568522 0.2865863022637826 0.1839240138401644 0.07618161035393448
3 0.17028850304011162 0.8126959630271227 0.24849053262324478 0.16879331555913665
3 0.16145201391452652 0.8636214261954198 0.2090168557412186 0.11817168927901207
3 0.15559465026464253 0.7198714261954198 0.24306820357377182 0.18874179451244935
3 0.49825835824985754 0.54108335744075 0.08541752965749509 0.1452662683452644
3 0.5386100801124181 0.8045312074125149 0.12269203657757757 0.1801718893637169
3 0.7564701062726913 0.546769728247441 0.09663887254713259 0.19112479991529555
3 0.8080219718997416 0.7025338808359246 0.11886669961943923 0.16280237884037305