0 0.7836235275801071 0.25442541070887204 0.21886497492717538 0.22245920129724625
0 0.5806971043814266 0.2977821241842782 0.21859219028743926 0.21308420129724617
0 0.3917877170761236 0.3429467995102374 0.23439904671393003 0.2196069366867496
0 0.19044652593075445 0.3855495365245939 0.23963211599340214 0.23843875730360065
0 0.05947062523110921 0.4183057150969639 0.11894125046221841 0.20536143019392786
0 0.9111407738191835 0.22382206736384958 0.09612615690134448 0.19064436525911974
0 0.9043271695042637 0.40426354382489926 0.1747057979675713 0.20763304220663664
0 0.7241479245188286 0.4448907236150853 0.2360979390337981 0.22432171022570008
0 0.5241419128403462 0.49533323416839214 0.2124331185006847 0.21610010714144495
0 0.32898252553504304 0.54038881533855 0.22645015439406196 0.21478306899199778
0 0.14099078054960798 0.5808796274339844 0.21243311850068464 0.21610010714144484
0 0.03310069035394627 0.6100841120127087 0.06620138070789254 0.18579322402541756