3 0.6705405791417915 0.7053297902095702 0.29930560707105974 0.38447603571156996
3 0.6129835394860776 0.6759831786750558 0.3667857729503087 0.437982830792914
3 0.4811184697932971 0.6048899495559029 0.4059772477225653 0.4866384994108248
3 0.3570659001005164 0.5337512686413519 0.4289980854715133 0.5195782644379395
4 0.21817452569107965 0.5743949702403583 0.28807544119181056 0.3312964935570923
4 0.2855331843987526 0.367794991415793 0.2164881286706061 0.24964651775758914
3 0.6307365569940908 0.36891102205919746 0.19195935462398897 0.2182601623713949
3 0.5694196002780016 0.313029181601922 0.17433534500534212 0.20566016842151918
3 0.46898557985958167 0.258937100121637 0.22301094718226028 0.2574953791939077
3 0.7816963670682247 0.4523906216898551 0.1315823606144388 0.14448631908544907
3 0.678462239663563 0.45611558538910996 0.2296974568009073 0.2700317406302261
3 0.6851016531805594 0.2436201305686497 0.18025796279135697 0.1963215298578376
3 0.6035168364830037 0.20894566959986943 0.18565479092165801 0.21666130093507635
3 0.4762301393855613 0.142727334603543 0.26941472122887744 0.285454669207086
3 0.7387871591710091 0.31673037764178347 0.14969744355406328 0.17114881303532484