0 0.5884234166136387 0.3871752087292851 0.27660105203690755 0.27346581283893306
0 0.8181467319382755 0.4498968807650415 0.28902832670272566 0.26728853571156996
0 0.7421002105745043 0.6745428776417836 0.27498400803627093 0.2687692224798536
0 0.49496212858054933 0.6314524495559029 0.30803286537236185 0.28927262002052545
0 0.23646892325750352 0.5571801991631193 0.27173173870145295 0.25781354176169413
0 0.3267415766231838 0.31838988905466087 0.2626294587046346 0.2811964996072166
0 0.12208189596595612 0.2500540212736306 0.1997476507001803 0.24802038524403178
0 0.392504578652137 0.10474047951193632 0.2583953973583625 0.18586581888905732
0 0.6267063086410012 0.18540363047045388 0.2664442546944533 0.2062237706844554
0 0.8806392832988653 0.24876565194047617 0.2350488040260898 0.193541963502863
0 0.18757217799172765 0.060646608509452235 0.1779806440165447 0.12129321701890447
0 0.0571841493077739 0.5027795663549746 0.1143682986155478 0.25381586729005096
0 0.019029073957683766 0.6850244397933455 0.03805814791536753 0.12370112041330898
0 0.1897195505649592 0.7480642743968885 0.23154199602163533 0.16071128278470379
0 0.44834002522282324 0.811399024789672 0.2489294906906352 0.1779987767345795
0 0.9040274985678227 0.7228162302975033 0.14664083203372585 0.24927381303532492