0 0.6609946465587133 0.6850724959929793 0.31964189695149675 0.4237203428931625
0 0.8496985982559156 0.7588241342620732 0.2929339512062228 0.3985658067888089
0 0.4668401255796703 0.6144140414671068 0.31637145120622295 0.39870216217500315
0 0.27420265280522926 0.5359521773003137 0.3132646319243822 0.4018089814568439
0 0.12138165895354933 0.45303461729005096 0.23979986084714328 0.39669423458010195
0 0.35488398448190606 0.3043981711519936 0.1867556323171656 0.1417067527304745
0 0.5553339572563472 0.3829054871141847 0.21183744554888229 0.15591469847574846
0 0.7386191559284871 0.46521905912649997 0.1725749576491305 0.12131243949875792
0 0.915394237605164 0.5342241100615764 0.16921152478967194 0.1431874394987581
0 0.1701453701187213 0.2408255087805987 0.20552381303532483 0.14494083703942992
0 0.7709089602814092 0.37556620666717194 0.1789158612399266 0.13697380093507644
0 0.9268902738077134 0.4522610377546735 0.14621945238457315 0.13211358411256366