0 0.1981386009497074 0.3557985413844298 0.17227947994174028 0.18376192559888338
0 0.3874284214828208 0.3537026956137298 0.17508623119538153 0.17298819990914288
0 0.5635051881758683 0.3546466406616327 0.18767715940862678 0.17676829715018094
0 0.7519682946023589 0.3510292384684976 0.18822272868809903 0.19551829715018093
0 0.9178503927155794 0.34979320782666 0.16429921456884103 0.1762769742194025
0 0.0588033163099713 0.3537114981909777 0.09718855172849492 0.17670634215265535
0 0.09875602955866415 0.5167127872005584 0.17214308762187225 0.17907442559888337
0 0.2848981180384662 0.5139994657401179 0.18785901583511763 0.18301829715018095
0 0.472784562944759 0.5174542571245476 0.1658476235152495 0.17718437697836437
0 0.6550885975844951 0.5172894035519315 0.18294419530200406 0.17496013568479168
0 0.8302704540109858 0.5143680421773993 0.1658476235152495 0.17718437697836437
0 0.9569787403665815 0.5134938596811109 0.08604251926683695 0.17242827792830404