1 0.9068123685927999 0.5043713018778238 0.18637526281440026 0.3632647106938169
1 0.835643022737413 0.40126503055382334 0.32871395452517405 0.39455216804581605
1 0.7231761507217531 0.31126783390359536 0.3559050790866539 0.37896353071290695
1 0.5988062090109793 0.19839949530554674 0.3788624180219585 0.39679899061109347
1 0.45289153114036995 0.1460290206476827 0.34640806228073995 0.2920580412953654
1 0.34216493676785786 0.09435797998886415 0.3562048735357157 0.1887159599777283
3 0.66264709938979 0.859106444581504 0.35307455634924095 0.2711692120464523
3 0.5425455050172779 0.808135385264185 0.3557777450942652 0.37583853071290685
3 0.28776121003674354 0.5977176952975926 0.38555808699531935 0.4167907947167251
3 0.16815702277459404 0.5014068639799555 0.3109745810638203 0.3878112720400891
3 0.10139133402956983 0.3974466173217733 0.18635658304098665 0.3957317653564535
4 0.4217780657779621 0.7024586446133206 0.3579132480600148 0.3899192120464523