1 0.05353806885891884 0.3423236188377641 0.10707613771783768 0.39660276232447184
1 0.16769465240014608 0.29827264642738394 0.21837774234700494 0.4385246687014785
1 0.3242914088102869 0.2659061244919736 0.23083920099067612 0.4048866530976462
1 0.4930992208447801 0.2165534562985215 0.23473048841806343 0.433106912597043
1 0.6594519669158387 0.1914284249215149 0.22607892638357024 0.3828568498430298
1 0.8176476106295325 0.17236748643233268 0.21782977874093498 0.34473497286466537
3 0.10335817059711117 0.823508341813971 0.20671634119422233 0.3500353787873866
3 0.25136525351916583 0.794225876300996 0.22088200413382922 0.3918953301668678
3 0.5748070616247178 0.7102515094993967 0.23956353763227511 0.45833920171816533
3 0.7469924307313056 0.677847366012689 0.2256080454901582 0.4264341044771271
3 0.8933430459089522 0.6312103041631868 0.17110463606069856 0.46098616689245625
4 0.40832588296483596 0.7540468543655856 0.21659691852568735 0.43375528154634874