0 0.125 0.29296875 0.1796875 0.3125 0.24609375 0.30859375 0.28125 0.29296875 0.28125 0.06640625 0.265625 0.03125 0.17578125 0.03125 0.140625 0.03515625 0.125 0.0703125 0.125 0.29296875
0 0.3359375 0.29296875 0.390625 0.30859375 0.46484375 0.30078125 0.4765625 0.29296875 0.4765625 0.12109375 0.46484375 0.046875 0.36328125 0.03515625 0.33984375 0.0390625 0.32421875 0.07421875 0.3359375 0.29296875
0 0.56640625 0.3125 0.6328125 0.3125 0.65625 0.26953125 0.66796875 0.16796875 0.64453125 0.0390625 0.55859375 0.03515625 0.53125 0.05078125 0.5234375 0.29296875 0.56640625 0.3125
0 0.7578125 0.31640625 0.84765625 0.3125 0.875 0.29296875 0.8671875 0.05859375 0.85546875 0.03515625 0.73828125 0.03125 0.71875 0.0703125 0.71875 0.2890625 0.7578125 0.31640625
0 0.79453125 0.490625 0.16171875 0.2890625
0 0.6 0.48984375 0.15390625 0.28671875
0 0.40234375 0.49609375 0.16953125 0.2890625
0 0.20546875 0.49453125 0.171875 0.29140625
0 0.20546875 0.81640625 0.16640625 0.27890625
0 0.40234375 0.8203125 0.1640625 0.28125
0 0.59140625 0.821875 0.16171875 0.29453125
0 0.7953125 0.82421875 0.17421875 0.28359375