2 0.3082907856133742 0.3472177086250928 0.21258285499341084 0.285266980028635
2 0.6785503061014379 0.7366860045751406 0.15578743344863372 0.19086245202099902
2 0.8411578277678519 0.35039287388609613 0.22001355991206673 0.21973288669636223
2 0.1025089391059745 0.43008639465309156 0.20154536104353502 0.2679522106938169
2 0.045523661782219706 0.572946603994273 0.08604762607064967 0.2884817920114539
2 0.6530674753085238 0.38539622457832223 0.24524081888905727 0.2590862880330894
2 0.246491785024199 0.7370256433004561 0.19208854781181844 0.2537806226925442
2 0.4510702007152436 0.7158938886060028 0.17475560206654456 0.22858062802354445
2 0.9140862676593933 0.6261008512094602 0.17182746468121338 0.18484880935708983
2 0.4899912792686624 0.556836514600594 0.15582379488495235 0.19711245202099903
2 0.937696484481906 0.2914531312062786 0.09945562021691715 0.17614542401336308
2 0.2676890323919204 0.4859807639640471 0.21231923458010193 0.23995448002863498
2 0.5153493066906131 0.3494961819303214 0.14148858411256365 0.15007382001909003