0 0.8799170157801498 0.3358993275101193 0.22806923916276603 0.34748647483619655
0 0.7174262860461049 0.23690094561190808 0.295256739162766 0.34865923701106116
0 0.535852633878658 0.16493266801576795 0.2939197322426839 0.3158467370110612
0 0.3503581442587814 0.11244109334172718 0.2867837114824372 0.2173546899331605
0 0.7357426155526883 0.6507958502382907 0.3067672421285156 0.3629126517837136
0 0.5559370518262545 0.5546224594116258 0.30501374113993246 0.3581978782447631
0 0.3666609876055293 0.4606291773512588 0.32095707612090446 0.3662831136342667
0 0.18082825836577593 0.35887794236879256 0.3017614071475437 0.35501833116686254
0 0.08687928159748054 0.6680972094149211 0.17375856319496108 0.3549444188298422
0 0.20590392384191453 0.7603819411509765 0.31933090912471007 0.3646933400953163
0 0.3884034060474174 0.8430659817360555 0.2989255672236558 0.3138680365278891
0 0.5818377296596828 0.890877964689927 0.2920442144481868 0.21824407062014622